"HHSize" "Owner" "HHGender" "HHRace" "HHHisp" "HHAge" "HHRelate"
1 1 1 1 1 65 1
1 1 1 1 4 84 1
2 1 1 9 5 23 1
3 1 2 1 1 47 1
1 1 1 1 5 57 1
1 2 1 4 2 29 1
2 2 1 1 3 23 1
3 2 1 1 1 45 1
3 2 1 1 1 42 1
1 1 2 1 5 91 1
1 2 1 1 1 69 1
1 1 1 1 2 67 1
1 1 1 1 4 16 1
1 1 1 1 1 48 1
2 2 1 7 2 44 1
1 1 1 1 1 62 1
1 2 1 1 1 71 1
2 1 2 2 1 72 1
1 2 2 2 5 36 1
2 2 1 6 4 78 1
2 1 1 2 5 51 1
3 1 2 1 1 74 1
1 2 2 2 1 25 1
1 1 1 1 3 69 1
1 1 2 1 3 27 1
2 1 2 1 1 37 1
1 1 2 1 1 46 1
1 1 1 1 1 27 1
2 1 1 1 1 86 1
1 1 1 1 1 29 1
3 2 2 2 1 49 1
1 2 2 1 5 55 1
1 2 1 1 1 47 1
3 1 2 1 5 22 1
1 1 1 1 1 30 1
2 1 2 1 1 53 1
3 1 1 1 1 35 1
1 1 1 1 1 65 1
2 2 1 1 2 94 1
1 2 1 1 1 58 1
1 2 1 1 1 79 1
3 1 1 1 1 53 1
1 1 2 1 1 51 1
2 1 2 1 1 31 1
1 1 2 1 1 80 1
1 2 1 2 3 78 1
1 1 1 1 1 66 1
3 2 1 1 1 63 1
1 2 1 1 1 25 1
1 1 1 1 3 57 1
1 2 1 1 2 51 1
1 2 1 1 1 81 1
1 1 2 1 1 70 1
1 2 2 1 1 64 1
2 1 1 1 1 49 1
3 2 1 1 1 50 1
1 2 2 1 1 22 1
1 1 1 1 4 69 1
1 1 2 1 1 93 1
1 1 2 1 3 36 1
3 2 1 5 3 73 1
1 1 1 1 1 16 1
1 1 2 1 5 70 1
1 1 1 1 1 28 1
1 1 1 1 1 32 1
1 1 2 9 1 33 1
2 2 2 6 3 68 1
1 2 2 1 1 29 1
2 1 1 1 4 49 1
3 1 2 1 4 70 1
3 1 2 4 1 48 1
1 1 2 1 4 93 1
3 1 2 1 1 21 1
1 2 1 8 1 22 1
1 1 2 1 1 36 1
1 1 1 2 1 48 1
1 2 2 1 1 46 1
2 1 2 1 5 48 1
1 1 2 1 1 24 1
1 1 1 1 1 27 1
2 2 2 6 4 44 1
3 1 1 6 1 36 1
1 1 2 1 1 44 1
1 1 2 7 5 65 1
2 1 1 6 4 91 1
1 1 1 1 5 81 1
1 1 2 1 1 59 1
2 1 1 1 1 36 1
2 2 2 8 2 56 1
1 1 1 1 1 35 1
2 2 1 8 1 35 1
1 1 1 2 1 82 1
1 1 1 1 1 54 1
2 2 1 1 1 21 1
3 1 2 1 1 38 1
1 1 1 1 5 61 1
1 1 1 1 1 67 1
1 1 1 1 5 53 1
1 1 2 1 1 67 1
1 1 2 1 4 65 1
1 2 2 7 2 57 1
1 1 1 1 1 46 1
1 1 1 1 1 88 1
1 2 2 1 1 27 1
1 2 2 1 4 74 1
2 1 1 1 1 39 1
1 1 2 1 1 27 1
2 2 1 3 5 51 1
1 2 1 1 1 81 1
2 1 2 5 5 61 1
2 2 1 1 5 60 1
1 1 2 1 1 72 1
1 1 1 1 1 82 1
2 1 2 1 5 80 1
1 1 1 1 1 76 1
3 2 1 1 1 51 1
1 2 1 1 1 70 1
3 1 1 1 3 24 1
1 2 2 1 1 29 1
1 2 1 1 2 25 1
3 1 2 1 1 37 1
1 1 1 1 2 17 1
1 1 1 2 4 78 1
1 2 2 1 3 41 1
1 2 1 1 1 37 1
1 1 1 1 1 58 1
1 1 1 1 1 49 1
1 2 1 1 4 76 1
2 1 2 1 1 46 1
1 1 2 1 1 36 1
1 2 1 1 1 32 1
1 1 2 9 1 74 1
1 2 2 7 5 82 1
1 1 1 1 1 48 1
3 1 1 1 1 55 1
1 1 1 1 1 59 1
2 1 2 2 1 67 1
1 2 1 1 3 35 1
3 1 1 1 1 36 1
1 1 1 1 1 43 1
1 1 1 1 1 90 1
1 2 1 6 1 21 1
1 1 1 1 1 41 1
2 2 1 1 1 51 1
1 1 1 1 2 94 1
1 1 2 1 3 53 1
1 1 1 1 1 92 1
2 2 2 1 1 65 1
1 1 2 1 1 44 1
3 1 2 1 2 43 1
1 1 1 1 3 59 1
1 1 1 1 3 61 1
2 2 2 2 2 26 1
1 1 1 5 1 92 1
1 1 2 1 1 81 1
1 1 1 7 1 76 1
1 1 2 2 4 71 1
2 2 1 1 5 24 1
1 1 1 1 3 88 1
2 1 1 1 1 65 1
1 1 2 1 1 36 1
1 1 2 1 1 44 1
2 1 1 1 1 77 1
2 1 1 1 1 77 1
3 1 1 1 1 32 1
1 1 1 1 1 85 1
2 2 1 1 1 46 1
2 1 1 1 1 55 1
1 1 1 1 3 96 1
3 1 2 1 3 30 1
2 1 2 1 2 53 1
1 2 1 1 5 31 1
1 1 2 7 1 59 1
1 1 2 2 1 22 1
1 1 1 1 1 77 1
1 1 1 1 1 50 1
2 2 2 1 1 72 1
1 1 2 1 5 71 1
2 1 2 1 1 84 1
1 2 1 1 5 44 1
2 1 1 1 1 48 1
2 1 2 1 4 17 1
3 1 2 1 2 72 1
2 1 1 7 1 81 1
1 1 2 2 3 65 1
1 1 2 1 1 68 1
2 1 1 4 1 83 1
2 1 2 1 1 64 1
1 2 2 1 1 53 1
1 1 1 6 4 70 1
3 2 1 1 1 45 1
1 1 2 1 1 80 1
2 1 2 1 1 52 1
1 1 1 1 1 46 1
1 1 2 1 1 78 1
3 1 2 2 4 57 1
1 1 2 1 2 62 1
1 1 1 1 1 52 1
1 2 2 1 1 52 1
1 1 1 1 1 65 1
1 1 2 1 4 73 1
1 1 2 1 1 50 1
1 1 1 1 4 74 1
2 2 2 1 4 41 1
2 1 1 8 1 54 1
1 1 1 1 3 55 1
2 1 1 9 1 45 1
1 1 1 1 1 91 1
3 1 2 1 2 35 1
1 2 2 1 1 62 1
2 1 1 2 2 59 1
3 1 2 6 1 53 1
1 1 1 1 1 71 1
1 2 2 5 1 68 1
1 2 1 1 2 59 1
2 2 2 1 5 31 1
2 1 2 5 5 25 1
1 2 2 1 1 61 1
3 1 1 1 1 54 1
1 1 2 2 1 72 1
3 1 1 1 1 44 1
1 1 2 1 1 44 1
2 1 1 1 1 63 1
1 2 1 1 4 64 1
2 2 2 1 2 44 1
3 1 1 1 1 48 1
1 1 1 1 1 23 1
1 2 1 1 1 40 1
2 2 2 1 4 52 1
1 1 1 1 1 88 1
2 1 1 1 1 46 1
1 2 1 1 1 23 1
2 1 1 4 1 49 1
1 1 1 1 1 56 1
2 1 1 1 2 48 1
3 1 2 1 1 76 1
2 1 1 1 1 39 1
1 2 1 1 3 51 1
2 1 1 8 1 38 1
1 1 1 1 5 30 1
3 1 1 1 2 88 1
1 2 1 1 1 53 1
2 2 1 1 4 54 1
1 1 1 1 1 64 1
2 1 1 1 3 33 1
3 1 2 1 3 45 1
1 2 2 1 1 27 1
1 1 1 1 1 53 1
2 1 1 2 2 87 1
1 1 2 1 3 16 1
1 1 2 4 5 46 1
3 1 2 1 1 30 1
1 1 1 1 1 33 1
1 1 1 1 5 42 1
1 1 2 2 1 95 1
2 1 1 7 2 64 1
1 2 1 1 1 64 1
2 1 1 2 3 77 1
2 1 1 3 4 23 1
3 1 1 1 2 36 1
1 1 1 2 5 75 1
1 1 1 1 1 46 1
1 2 1 2 4 94 1
1 1 1 1 4 49 1
1 1 1 1 1 89 1
1 1 1 2 5 70 1
3 1 1 1 1 72 1
2 2 1 1 1 30 1
1 1 1 1 2 63 1
3 1 2 1 1 17 1
1 1 2 1 1 60 1
1 1 1 1 1 60 1
2 1 2 1 1 43 1
1 1 1 1 3 62 1
1 1 2 1 2 40 1
1 1 1 1 1 60 1
1 2 2 2 1 32 1
3 1 2 4 1 40 1
3 1 1 1 1 94 1
1 2 2 2 1 28 1
1 2 1 1 1 59 1
2 1 1 1 1 56 1
1 1 1 1 1 64 1
1 1 1 1 1 59 1
2 1 2 4 1 47 1
1 1 1 1 1 68 1
1 1 1 1 1 95 1
1 1 2 1 2 86 1
2 1 1 1 1 48 1
1 1 1 1 1 43 1
1 2 1 2 1 78 1
1 2 1 5 1 57 1
1 1 1 1 3 20 1
1 2 2 1 1 68 1
3 1 2 1 1 43 1
1 2 1 1 5 58 1
1 1 1 1 1 52 1
1 1 1 1 1 82 1
3 1 1 1 3 87 1
1 1 1 1 2 71 1
2 1 2 2 1 75 1
1 1 2 1 3 73 1
1 1 1 1 1 48 1
3 1 1 1 1 66 1
1 1 2 1 2 59 1
3 1 2 1 1 57 1
1 1 2 2 1 71 1
2 2 1 2 1 35 1
1 1 2 1 5 62 1
2 1 2 1 1 71 1
1 1 1 1 4 69 1
1 1 1 1 1 80 1
1 2 2 2 1 51 1
2 2 2 2 2 33 1
1 1 2 1 1 54 1
2 1 2 1 1 78 1
1 1 1 1 1 17 1
1 1 1 1 4 51 1
2 2 2 4 1 92 1
1 1 1 5 1 64 1
2 1 2 1 1 42 1
1 2 2 1 4 37 1
1 2 2 2 5 58 1
1 1 1 1 1 51 1
2 1 2 1 1 20 1
2 1 2 1 2 70 1
3 1 2 1 5 76 1
1 1 2 1 1 51 1
1 2 1 1 1 37 1
3 1 2 1 1 83 1
1 2 1 1 4 43 1
3 2 2 1 1 54 1
3 2 2 2 1 38 1
1 2 1 1 1 51 1
1 1 2 1 1 57 1
1 1 2 1 1 28 1
1 2 2 7 5 71 1
1 1 1 1 1 84 1
2 1 1 1 1 31 1
1 1 1 1 5 86 1
1 1 1 1 1 48 1
3 1 2 1 1 73 1
1 2 2 1 1 71 1
3 1 2 1 1 65 1
2 1 1 1 1 33 1
3 1 1 1 1 46 1
1 1 2 6 5 92 1
1 1 1 1 1 83 1
2 1 2 1 1 56 1
1 2 1 1 1 35 1
1 1 1 1 3 86 1
2 1 2 1 2 54 1
3 1 1 1 1 49 1
3 1 1 1 1 52 1
2 1 1 1 1 53 1
1 2 1 1 1 54 1
1 1 1 1 1 76 1
2 2 1 1 1 28 1
3 2 2 1 1 35 1
1 1 1 1 1 65 1
1 1 2 1 1 80 1
1 1 1 1 1 18 1
2 1 1 1 1 55 1
1 1 1 1 5 28 1
1 1 1 1 1 71 1
1 1 2 2 1 82 1
1 2 2 1 1 47 1
3 1 1 1 1 59 1
1 1 1 1 3 49 1
1 1 1 1 2 89 1
3 1 1 1 2 44 1
1 1 1 1 1 54 1
3 1 2 1 5 42 1
2 1 1 1 1 81 1
1 1 2 1 2 62 1
2 1 1 1 1 41 1
2 1 1 1 1 38 1
1 1 1 1 1 39 1
1 1 1 1 1 19 1
2 1 2 1 5 77 1
1 1 1 1 5 74 1
1 1 1 1 1 50 1
2 2 1 1 1 44 1
1 1 1 1 2 73 1
2 1 1 1 4 17 1
3 1 1 1 1 17 1
1 1 2 2 1 40 1
2 2 2 2 4 30 1
1 1 1 1 2 54 1
1 1 1 2 3 24 1
1 1 1 1 1 43 1
3 1 1 1 1 89 1
1 2 1 1 2 22 1
1 1 1 1 1 30 1
2 2 2 1 1 53 1
1 1 2 1 1 41 1
1 2 2 1 1 78 1
1 1 2 1 3 30 1
1 1 1 1 1 66 1
3 2 1 8 5 47 1
2 2 1 2 1 91 1
1 1 1 1 1 72 1
1 2 2 9 3 33 1
2 1 2 1 3 34 1
1 1 1 1 1 33 1
2 1 1 1 1 54 1
1 2 1 1 3 60 1
1 1 1 1 5 35 1
1 1 1 1 5 45 1
1 1 1 1 4 55 1
1 1 2 1 1 53 1
1 1 2 1 1 89 1
1 1 2 7 5 30 1
1 1 2 1 5 90 1
3 1 1 7 1 84 1
1 1 1 1 1 59 1
3 1 1 1 3 36 1
2 1 1 1 1 64 1
1 1 1 1 1 63 1
1 1 2 1 1 65 1
1 2 2 7 2 20 1
1 1 1 1 1 68 1
1 1 1 1 1 60 1
1 1 2 1 1 39 1
2 2 2 1 2 63 1
2 1 2 2 1 76 1
1 1 1 1 1 68 1
1 1 2 1 1 82 1
1 1 2 1 1 40 1
1 1 1 1 4 29 1
2 1 2 1 1 79 1
2 2 2 3 3 49 1
2 1 2 1 1 16 1
1 1 1 1 1 78 1
1 1 1 1 4 70 1
2 2 1 1 5 96 1
1 1 1 1 1 52 1
2 1 1 1 1 30 1
1 1 1 1 5 59 1
1 1 1 1 1 68 1
3 1 1 1 1 72 1
2 1 1 1 2 79 1
1 1 1 1 1 48 1
3 2 2 1 2 64 1
1 1 1 1 2 76 1
2 2 2 1 3 37 1
2 2 2 2 3 40 1
2 1 1 1 4 26 1
1 2 2 4 1 36 1
2 1 2 2 1 35 1
1 1 1 1 4 48 1
2 2 1 1 2 32 1
1 1 2 1 2 37 1
1 1 2 1 2 26 1
1 1 1 1 1 64 1
2 2 1 7 2 37 1
1 1 2 1 1 74 1
1 1 2 3 3 18 1
1 1 1 2 1 43 1
2 2 2 2 1 83 1
1 1 1 1 1 17 1
3 1 1 1 1 57 1
3 1 2 1 1 42 1
1 1 1 1 2 84 1
1 2 1 1 3 65 1
2 2 2 1 1 24 1
1 1 1 7 3 80 1
1 1 1 1 1 50 1
1 1 1 2 1 72 1
1 1 1 1 3 83 1
3 1 1 1 1 33 1
3 2 1 1 1 26 1
3 1 2 1 1 46 1
1 1 1 9 5 65 1
1 1 2 1 1 61 1
1 1 2 1 4 29 1
1 1 2 1 5 75 1
2 2 1 1 1 22 1
1 1 1 1 1 60 1
1 1 2 1 2 66 1
1 2 1 1 5 40 1
2 1 2 1 1 80 1
1 2 1 1 1 57 1
3 1 2 1 1 46 1
1 1 1 1 1 65 1
1 2 1 1 1 72 1
3 1 2 1 4 51 1
2 1 2 1 2 35 1
1 2 1 1 1 33 1
1 1 1 1 1 29 1
1 2 1 2 4 33 1
2 1 1 1 1 41 1
2 1 1 1 1 32 1
3 1 1 1 1 51 1
1 1 2 1 1 57 1
3 1 2 1 1 49 1
2 2 2 1 4 88 1
1 1 1 1 1 64 1
2 1 2 1 4 29 1
3 1 1 2 1 34 1
