"V1"
1.37563173028666
2.10879987577586
1.35684093717536
1.49313135622109
1.29090015972838
0.770629764908079
1.58431396085044
0.717993327373871
1.48110688663182
0.538706879226708
1.05097121355806
0.972891549079266
1.12580521086385
1.14489639523081
0.948132044539811
1.41100499185677
0.870854201593697
0.469062871760238
1.02878493300871
1.26934803868205
0.637279458807438
0.859963572947054
0.970334789769224
0.665931100840806
1.60756436198253
0.923419599681536
1.16992406413271
0.72073026491401
0.841198322754223
1.3738599214463
1.17376909292557
0.743618039086319
0.999565915220228
0.867110165216441
1.58486119947268
0.609870098232827
1.09044644314143
0.778776373811495
0.693916746090241
1.09425467150155
0.860066850952529
0.855104582417672
0.315720424243226
1.04561284411627
0.815426681807293
1.04575087689758
0.655038941315188
0.895895163813005
0.836800615574765
1.51341197213474
0.574457763411668
0.772102084674191
1.69402473629445
0.644746172402104
1.16709389874655
1.2184011847689
0.832292692883365
1.05387868060933
0.796294492950727
1.9850388798975
1.78085730261947
0.895378880831836
1.26257433050917
0.95264010999058
1.73830168409165
2.02620380320504
1.33580554110483
1.08238866449275
1.20704932898392
1.11425407158636
1.27437049702474
0.284231682122052
1.13823289465488
0.776076493150767
0.616292426706412
1.02917035888496
0.79544331600079
1.28907745834068
0.899666062988065
1.70208089748473
0.683628506875687
0.715050470041471
0.605274416242593
0.909228571912987
0.708433168394987
0.881659353345857
0.651259772672814
1.17633817541542
0.982889907001976
0.395977865450244
0.987474377360595
1.08794146514017
1.14554517709262
0.994919125083801
1.07522335300728
0.772222194658009
1.62295001691088
0.859371404927678
0.949561662768451
0.757182904178586
1.22645533256412
0.608735102596825
0.799260220678361
0.521748446579545
0.956656615749013
1.20151856013532
0.688816786328718
0.919317321312984
0.749670170462826
0.736278070337134
1.22135313380214
1.37513217106217
0.622010112501953
0.956623671400401
2.31705790109279
0.918087500497761
1.13061272025428
0.728467891777964
1.25529229239084
0.916326348698872
0.858103452821696
0.465280840270166
0.500925038059181
0.474120706974987
1.4498652523518
1.97523093999836
0.74874393211669
1.04647067769405
1.12745525687548
0.732487108677309
1.4774989199054
0.866583200897225
0.812131853781683
0.455808575152258
0.664178366305145
0.578992102413495
0.746295434785086
0.846207537919011
0.939145079278135
1.14794049136114
1.16119481051963
1.61113393932788
0.868007290240825
1.23696127324195
0.894692840398407
0.734682410529236
1.29604217529835
0.901594141576743
0.852219749681628
1.18700968586028
1.14350519940765
0.859658898642594
0.988836054674652
1.42315071153302
1.48671002770846
0.957980669230844
1.08712495529912
0.588888891561615
0.935789357807645
0.992560746257365
1.67338603611172
1.42292281452768
0.882735283254229
0.932102978920238
1.45526818895558
1.33028766310281
0.999135145433923
0.513877974448478
1.38946824107882
0.901737691999475
1.06972751820963
0.786795841982191
0.52363051933427
0.847578454726886
1.33669303375009
0.920314484440999
0.671606666212212
1.43480887544277
2.07059582836735
0.98239732936124
0.59113614895839
1.14661407665486
1.44625437788523
1.48814408979517
0.953168893083765
1.01305808247762
0.830470305693863
0.955416245739471
1.37546683465478
0.631573940696348
0.562339785037152
1.16990679365424
1.68661369598725
1.18835105266709
0.978180894030598
0.672037028670699
1.13328653756068
0.556435722578527
0.869433787701047
0.56551459932215
0.700090626232678
0.559106761248547
1.05935337843296
0.892007919252507
0.906499762880044
0.72177439592885
1.53171818925918
0.379907410680548
0.607092227205158
0.978376818771662
0.61102926611663
1.35287587391036
0.684872903592868
0.762075780797889
1.02329950523947
0.472917108548334
1.28981676414559
0.895271086193643
1.82111076631047
1.51830152939643
0.648928492182178
0.853449025269791
0.612768619848977
0.539015600628823
0.784641178726606
1.5755475195711
1.47698197190797
1.42795781299025
1.12089202099694
0.817935028182013
1.7313209544534
0.832605717011433
0.917069919059294
0.677704490542135
0.770340197738683
1.41995295156455
0.541110910133169
0.707373164339807
1.51239922712656
0.721973415329446
0.795419024076963
1.60038244701615
1.5257547940389
0.958945249095892
1.12726227567504
1.75612760763176
0.867312850331284
1.39746789992643
1.2561566443476
1.23682854922208
1.43664094525077
0.770112496280171
0.814141677434319
1.24776824005902
0.908040493922225
0.968941041193244
1.2498506194387
0.740349024445599
1.07619178093883
0.668730601148767
0.89391374431951
0.416690216603607
0.909952532336125
1.37507856587234
1.99233539664924
1.25631838124159
1.74362149513328
1.0177459081393
0.748681619473187
0.807215433437583
0.879655725064321
0.92132457283334
0.926357893279491
1.14059173390727
1.71914891813827
1.00496581759813
0.92385402729742
1.63164870188716
1.05023620788031
1.2242403142825
0.981909690477774
0.985960707786246
0.843994253644072
0.624177474345865
0.876461529118494
0.733717133426158
0.847560956783457
0.665196233645764
0.750247505305818
1.26945776443779
1.37276703623959
1.05807331302543
1.20517095808333
1.1380109078413
0.913950334546722
1.47154707336088
1.78659551510442
0.806116873580657
0.886213213390907
0.740649679906047
1.84768080969139
1.44625415059765
1.35909830238308
1.15911650187017
0.869495536488606
0.859394079150147
1.72993459721504
0.704009826267995
0.958133717000433
1.00830972850722
0.728590117229482
0.781604821390513
0.999319373741672
0.912583939248124
1.0354568492352
0.510114590671479
0.829358829835767
0.790709270493759
1.09190159275971
1.06619519369693
0.588149614064198
1.26130958993672
0.73669955373534
0.516677749175616
0.834967538684302
0.949019889409242
0.690917328673853
1.29744044230156
0.648657792326772
0.732678854842485
1.52283988756276
1.42420806765193
0.818235586610168
1.55763239842758
0.720837149969291
0.452172343656967
1.37628789132112
1.52786291972703
0.906406354529134
0.878996529413184
0.714491070106755
0.634358662448134
1.21908560178258
0.823907177682396
1.10160629464348
0.684976515193716
0.952144815308112
1.04377813401107
1.0898894541331
0.921006479288298
1.3281232177315
1.08226855631918
0.736060496174036
0.803579682716462
1.01027786779854
1.03802998503089
1.00974144238466
1.66209748216212
0.767714769039137
1.1039036889722
0.866182186318289
0.860553140202268
0.968857223424477
0.988053314410581
0.892357607000423
0.574348795567909
1.20286860019469
1.18555063873731
1.07011989765799
0.720936643797826
1.00955279851744
1.16494480648299
0.629595502166257
0.982891468465616
0.458797294188642
1.09591244962063
1.16772983508133
0.949933037906012
0.625151802333348
0.943154107932876
1.04340206073797
1.48698038168835
1.25257657191568
0.929344406139499
1.05295616486511
0.706974013639283
0.524651295805282
1.41818929936727
1.19029717305742
1.67598848419148
0.788748246082623
0.437643071776082
1.03657651489862
1.6805472129866
0.738027950210659
1.56891622833986
0.978950918077459
1.50591062151147
1.38557374542523
0.961945925852731
1.53704467122183
1.71604245129898
0.991276363523587
0.592133148634935
0.881922387624709
0.689576781686525
1.06426399294936
0.72465223656202
0.823024437166308
0.604649351931853
0.861912088129505
1.34516780769314
2.51113518516756
1.31047651339138
1.19241296525179
0.70333432234053
1.25244655117698
0.523925383913414
0.712903236357088
0.644683040762017
1.31097333683981
0.960535600873669
0.980159449685805
1.01057371012999
1.27077417350866
1.36941499683702
0.526084387417779
0.603674491547987
0.662437623256192
0.915215763558395
0.623750701981405
1.17510120917891
0.462066136557447
1.14504043569014
1.36971937955057
0.907043956237272
0.545888454400705
1.51453175061641
1.63335930588579
0.731899221551018
1.07074021484957
0.969198508374333
0.789005794030607
0.649238220736315
1.7957131877724
0.527276074490386
0.630761180231744
0.466628830261479
0.721966283875236
1.50692803125024
0.538747902923569
0.836169618887508
0.492535511643888
1.83642314991916
0.70416160138271
0.901874645572715
1.01773503393341
0.937979493509804
1.34012888121077
0.937171979478554
1.12150097097645
1.74000214009309
1.38046351683518
1.14857307904321
0.72509907783672
1.27004101160813
1.03399786875506
0.786072412288766
1.37533468404125
0.389259836592868
1.34332217568461
1.08803583055384
0.630557852378331
0.459676479427671
1.16264145102486
0.993875860853188
1.44312761770788
1.35098554158421
0.85710689623955
1.03498808516586
0.731536393724578
0.890123815169714
0.842835336457119
0.719604774705114
1.07555296808555
0.62564635404515
0.611282775613957
1.0657046144002
1.32001924912367
1.13413311120504
0.989606718837875
1.00646293418463
0.67067856104049
0.442242090844406
0.731877282873107
0.406781490697955
0.591188992516866
1.64561404278438
0.296833963591881
0.612792940286689
