"V1"
1.69481674134743
1.68806093411278
2.53675284964262
2.2525380973924
1.73744521124347
1.8652497783037
1.40254848966427
2.23131965391999
2.66287688766022
1.84113340715424
2.39105811882862
2.01894408581432
2.25147662503654
2.9936067283063
1.69579225943099
2.30684344107143
1.93230022985241
2.04364961471347
1.44825956508353
1.65375754772525
1.97934734585282
1.73397190066334
1.92194074285407
1.21168365163262
1.19873096903582
0.912745527659971
1.14070060567126
1.53113967779347
1.5954548634168
1.25797398057424
1.96012463224986
0.960511624342146
1.35983564663186
2.3597307227786
1.70138589301762
2.58883576067693
1.8195380971434
1.05968166853965
1.63121690853342
2.33718218147142
2.18491842608032
1.07806239944459
1.26838482407118
1.96528110677335
1.26651428330708
1.75118665156098
2.53953385043635
1.52714196108375
2.61435645999127
2.6721453752859
2.64819190276135
1.56919358576693
2.0960644171727
1.80347150266827
1.07407726744977
1.94696940438962
2.44718443621489
1.4902999700979
2.78291649708132
1.74723914510724
2.04781340905119
1.64682919345533
1.59526713563364
1.19103583606298
1.0023268229581
1.91646703867942
2.73761671174143
1.98680031446961
2.1231117370406
1.36067385052899
1.69458519826709
1.75423760596335
2.03434822129181
2.41353762833272
2.00406975950919
2.52511137600366
2.38534905632172
1.84316060991708
1.42278148765696
1.74218938910312
2.51904243134619
1.33679512149308
1.38997756265521
1.64302974546387
1.40881979598796
1.80901913789058
2.3596910977945
2.62606548355146
1.89589742877164
1.75597710075025
1.99932616124114
1.21034984738627
1.27083568286194
1.01965889682725
1.80729566727201
1.35384809215187
1.80314081353801
1.29417297799283
2.30106545690625
1.95761948052817
1.11154229678379
1.75389687584541
1.54387969867489
0.699152913333115
1.78188268934067
1.88095037579402
1.8808501626468
1.35191646373025
2.1776585106399
1.95765260719644
2.65370068859289
1.65676071010879
2.18328610925318
1.77934828742895
1.69469204826805
1.37466094156766
2.02206769742769
1.68648741720357
2.35299993099132
1.57362903062959
3.34542403793624
2.54189710551102
2.4462175715691
1.84647841653665
1.77400143922833
2.37929187825149
1.86763132174799
2.28292865981507
2.82574761336361
1.89382590361871
2.14207323206554
1.79336947148736
2.21726964766895
1.4721015785298
1.44707126313178
1.57165610561994
1.57706355797266
1.87191788530343
2.10225141826055
2.54754283149616
2.37952884154059
1.75790979945389
1.22706972722517
1.87853568897648
1.55173960584723
1.61585261777924
1.47390179749556
1.58403804474184
1.60231416459837
2.40368522378236
1.46668222577246
1.99684754588636
2.29309728397303
2.4541131858751
1.898872248842
2.16317880073777
2.16153447189234
1.59822701597568
2.22984722927972
2.8004992588181
1.15320153787797
1.58087778327758
2.25234560492877
2.08395078825562
1.68050232695671
1.52066774171972
1.35869400549461
1.54685222607384
2.15306193023769
1.54585040034799
1.88450220388417
1.64004161300372
1.59928453010783
2.61242115901456
2.25358702688063
1.3338766744844
1.79167239067668
2.17562416645058
0.84425738342465
1.50051514486236
1.31044748110548
2.25927277944839
2.50375165643613
2.78269288960474
3.37349412049531
1.59672590327062
1.60038255158143
2.12823414176391
2.22850745999104
1.88173493785154
1.32060120472499
1.76599732736532
1.90857735283311
1.11073887619771
2.10847965550074
2.39548192019119
2.10238165044035
2.38699662172915
1.57997175976965
0.871097278153331
1.89322857759612
1.32044687411105
2.50494803516153
1.86162108422361
1.2579737248199
2.13548623737141
2.29767615642466
1.9462942485619
1.82632399474341
1.7548240090146
1.1979735707234
0.922124549495011
1.44638569743583
1.82502611883099
2.2730299147751
1.31684253029764
2.24353092432588
2.87246435845161
2.5126800495472
2.03614638785144
1.66557445015763
1.77081199230765
1.04168120882515
2.99719888291624
2.10379605629051
2.38252476069644
1.63410454186208
1.49030872136744
1.72421480883771
1.40725523379658
1.76590450083391
1.34994155258921
1.83298189787747
2.13519877374779
1.86314631240669
1.90166979364329
2.16705703130005
1.32972590953829
2.07989427780918
2.42528869579709
1.32549287841689
1.93229405444586
1.67070395576755
1.84032080725428
1.43290814976296
1.54584079736414
2.15976583104564
1.62123882055861
1.89091876343703
2.33429157773832
2.81550697597341
1.57687601628603
2.24668089489968
1.8181599442239
1.23496149788457
1.4432836926897
1.36140985955674
1.6919960209649
1.58583932532868
1.81380216601636
2.03805708875818
2.30584287584202
1.7208263142813
0.970393049477757
1.41261244813765
1.86730042031113
1.32623450789115
1.91239546862643
1.81268589056733
2.58833282811975
2.68005152211627
2.52902914413221
0.908425968981299
1.14307991612362
2.05059618878448
1.43294254279665
1.52227003416922
1.65456224906952
2.4224861408828
2.04513162265131
1.95010700353661
1.26945263371399
1.76065059160082
1.01148248878737
2.15817393336042
1.4243479386596
1.8910005548467
1.85189577435523
0.748426145730313
1.50316222333046
2.30269584812825
1.44459402600905
1.88970059989698
1.05523331806401
1.36046882620859
0.97014732168249
1.61791667263148
2.21237340249269
1.25938981746063
1.13416116214453
1.61956866647966
1.75301118107641
2.33572593912487
1.30755775675407
1.19764571777754
1.90222740721441
2.16170951609902
1.39457009944447
1.19331625886049
0.974650450927616
1.43068459514952
1.81491822029818
1.02586281073073
1.80507053550253
1.29716339571885
2.36243100993291
2.00828306808042
1.896758942473
1.80949911481564
1.24314541429938
1.44603600653787
1.90599594319443
1.28719001452846
2.0622187414246
2.45702685656636
2.26162559137305
2.4493450472976
2.7418080926178
1.52468459932056
2.18859358768687
1.34760452717633
1.76487936315414
1.74203477709299
2.07429986660323
1.54768606138588
1.81615070713668
1.45673475334599
1.98316016684223
1.16627529609641
1.73753137876878
2.18953896772535
2.30296477311313
2.47816327038444
2.83054896197027
1.86570110888391
1.75834583423141
2.29040883186877
2.38661149483959
2.62394786144112
2.45071775085662
2.39281088933414
2.14053864216784
2.45183627349865
2.34948397383
2.49661432216192
1.68734558644914
1.27608105818807
2.25572286262399
2.08719030615739
2.85157085100119
2.18401119820315
1.55177582097247
1.36663698226692
1.62651202260825
2.07003999551707
1.25476157291252
0.923810701282167
1.50642107052311
1.09026648124016
2.12076989100056
1.64260572096351
1.7284151557937
1.99242528385737
1.30279300075251
1.39364497006268
2.12337542093764
1.46217879781164
1.39464280547201
3.12558951669401
1.98113828464788
1.28398415370433
1.22750191831222
1.70851179146769
3.55523091162684
1.98612486086984
1.59270477304392
1.3364066090812
2.15839896204719
1.76954186655252
1.98437654887467
2.40476431510753
2.16947442876781
1.59807174213898
1.67289514044207
1.89006907012606
2.08564589214269
1.59167531686576
1.4915584168551
1.5236267983447
1.96805065929826
1.85909011562323
1.95238148622216
1.57756364046268
1.52318381720221
1.68381577367384
2.13295759363057
1.52187047041092
2.84844831103128
1.66582881340826
2.1477471795478
1.42300637997043
1.39480791822775
1.99760576514531
1.97224577448391
2.2059504052279
1.41244527530453
1.95390624937708
2.49312259211425
1.59777457644993
2.05206127414506
1.56865203880939
2.37250406085083
1.68740145283089
1.84475335326587
2.35175348745392
1.41558959902476
3.19606669770886
1.75683115870877
3.80445118074321
2.3962200502132
2.12804258981777
2.17518909154471
1.5914406089168
2.26470578612167
1.33846833806424
1.89938691210513
1.98665919616291
2.33911432202084
2.04923872435362
1.31095570951685
2.34388125096851
1.0728640046441
2.06975106200698
1.65932285623738
1.25298233155841
1.05355980171077
1.63897812653154
2.54111497786801
2.59815382272943
2.72708221233838
1.70499903882635
1.66893145051726
3.17845296375974
2.08504913666378
1.36969149598825
3.0568314237271
1.75650255378922
1.48423496217811
1.36016847117174
3.02190986976426
2.3761936751231
1.53535710165758
1.42086331007175
1.73022500684125
1.31913791445821
1.36994746606666
1.46175552993816
2.48967152644467
1.15948679215783
1.66694129933985
1.57490910311422
1.88688705209962
1.51595917586925
2.19566777708379
2.11888451843433
1.66538936848942
1.23459116442454
2.04194895347853
1.41388095633114
1.16337334207912
1.17306271753099
1.74375755725476
1.65594923803613
1.2798343277129
1.44112632479158
1.25817086417432
1.8519461571227
1.65127586176151
1.46340474091062
1.53626603356826
1.42064641345553
1.098514609573
1.49195081602439
1.34644833690277
1.31652535412553
1.48994612715683
1.30227529831582
1.18544720262864
1.36849129051285
1.55833578663239
