"V1"
0.122951691339434
0.111966713666663
0.129944690500321
0.14033890687312
0.165226920216712
0.170933160483121
0.173243318534582
0.163314399895911
0.195735041459753
0.137045872691665
0.158068461698766
0.185786150422082
0.206923224356816
0.177346978550392
0.182267564383086
0.194794928914142
0.184874397831849
0.177297731977996
0.136171530903247
0.134730599319858
0.170611670352465
0.191678097005013
0.192010242398385
0.179804542772067
0.177940304904067
0.221290917060312
0.264068201440714
0.199729857178211
0.220169427642286
0.149410953761073
0.143925214238398
0.153646721121804
0.161317185035968
0.193543946314955
0.204024645609538
0.141765117394701
0.150845967162657
0.14330520426657
0.149886374196625
0.128657311477573
0.118785485284599
0.163017071222604
0.155332609395047
0.184392242784846
0.159495642952579
0.135409981231225
0.161352947731735
0.153568686338101
0.203133599285452
0.138230781686664
0.161598599801158
0.166013868919179
0.141350986643905
0.132236714534115
0.15699438386322
0.114075459391769
0.118518523385697
0.139752990901073
0.136191191550462
0.157254825601504
0.122879585323938
0.151267094393954
0.176602039911667
0.160027163792288
0.159879167044813
0.157382123630728
0.134840194636018
0.158912793964916
0.159155199712821
0.157377695107408
0.159134455365284
0.135313981331931
0.141111395001165
0.147364046147428
0.161292082100463
0.132576171112363
0.118039309299104
0.130835354997545
0.185451100371916
0.139656710210665
0.15022630109135
0.179384265843798
0.20074108860165
0.135122946431854
0.144779642991482
0.17149644464547
0.227065924050002
0.137405485902343
0.178503470677751
0.128820085035262
0.128055016457235
0.171067555873145
0.147511374654755
0.180812170893547
0.143442747764437
0.19223733332196
0.157341000740708
0.122584272467243
0.169923068229619
0.162460905871779
0.124806517124845
0.137272646836696
0.185034954831635
0.12405690895863
0.134764289238228
0.150715874253462
0.131255674821225
0.151452458359307
0.155175771655094
0.154866803173733
0.143816848631902
0.193146886845542
0.16881554027226
0.170476636432965
0.136627664217481
0.117353938280958
0.182310606405739
0.121394926971795
0.179786014798798
0.159579307881959
0.160704197627894
0.199653887170642
0.161878569373096
0.15786553541544
0.141776660463019
0.12333116198976
0.115451310962272
0.133784873532434
0.113673808852839
0.221179609612728
0.214456073190682
0.214653878132349
0.180531428156683
0.141515171296927
0.143733037796855
0.146196293288787
0.148367598548206
0.116604304931557
0.135117356548224
0.142363277010739
0.154583712748277
0.161583587080143
0.173820235433779
0.156165842028863
0.156740545341316
0.180286658470681
0.182090232281805
0.217061992638891
0.175578794178975
0.199184248445498
0.163471995323795
0.158881183141161
0.142207959148562
0.147688158912625
0.16972765241575
0.139183000900847
0.122371409740125
0.213679674266731
0.206622833987256
0.128451536238993
0.184206403770198
0.154871301675061
0.117793536437192
0.166303747918741
0.147033975117871
0.188669223062614
0.153322897540857
0.204685906013705
0.157241031160541
0.190266982846293
0.166259120285534
0.126975826120386
0.217487603057209
0.158574889552963
0.120329241678528
0.173340188540824
0.196006218666974
0.170127765342263
0.201224830037798
0.20177384867203
0.149479503991161
0.143164965931009
0.134656890138347
0.202910718694778
0.198115852402741
0.202000986843783
0.204792889176984
0.189490215143312
0.228394035829565
0.173197827404703
0.130222629883778
0.12300536471444
0.144717838174843
0.161293016209897
0.119138336659144
0.20826613731104
0.18062073121286
0.219716631305409
0.243275361560271
0.150496554922324
0.152547679221335
0.180107164693087
0.189743450345619
0.174490625281941
0.179942167132657
0.16987577112302
0.174266615313481
0.177430277964632
0.212065105592674
0.189728573308084
0.123201700469997
0.19126655855514
0.132110756742568
0.17722617840929
0.175168659111359
0.153990212773531
0.125463359526558
0.169133089589724
0.191583981785193
0.145979936226741
0.204886746132639
0.188604975207055
0.176855008476855
0.158687609402489
0.176323008062375
0.149881234853175
0.130782587960094
0.164827926145496
0.153608779601605
0.152063598650219
0.16189516648823
0.167699952000192
0.158593639330748
0.179952749215316
0.109794108795327
0.167410434050451
0.169248807667685
0.211971047772555
0.150962997590062
0.151934127993032
0.199666816149873
0.175245444385392
0.190857201471149
0.19331383595489
0.215805237142468
0.132012233818779
0.168555298191291
0.166758240438656
0.145026389719188
0.208990670176926
0.192446635863192
0.179673001332365
0.128822105489897
0.141340662725232
0.134600686502083
0.11983980077841
0.123451998153922
0.182700817621162
0.157357727497023
0.169468360386078
0.168462041545387
0.153934230323725
0.126777401921924
0.176381111517301
0.118429137560687
0.16259699468058
0.175475824240268
0.180280782055314
0.171391850080612
0.176095526532024
0.143632317542431
0.129041380531025
0.178647703890763
0.151618984388431
0.136038821789526
0.141569791490504
0.153553979759333
0.158122874634186
0.19770252415296
0.204310402931364
0.173345860282648
0.154220556616114
0.16848120280772
0.149975853771932
0.14775169221126
0.151022679756052
0.182336711074095
0.13642774089581
0.136453100099461
0.166451102538526
0.175579937610272
0.171784846880078
0.155551295373553
0.144123253174405
0.163803242537911
0.151576842328013
0.16435319599166
0.161363699275885
0.153835282707314
0.170670384184185
0.144467235110132
0.173806522837583
0.168369536047759
0.225174133847396
0.18358003016939
0.110185725119319
0.165651084728135
0.132573094270194
0.152899219213957
0.14321600797108
0.139021056617848
0.147941136665584
0.143036441077908
0.173868555588639
0.119503305770024
0.131957377241368
0.120325546796871
0.185334518279145
0.141508980255432
0.129942907780065
0.152447505619484
0.128723056010243
0.16373934509289
0.149644572923121
0.170722554471913
0.139749142821497
0.148841037257123
0.160622954343881
0.139834868717549
0.150916732669948
0.186269378012174
0.186874418288382
0.142873386677919
0.170797988995814
0.189232538625376
0.185671787110771
0.17222360671448
0.179907000372494
0.168873604521585
0.172626598889319
0.144557287423236
0.145769844578324
0.194104719846545
0.252103250128783
0.191610754855626
0.145808847963786
0.19196367459996
0.174759495085373
0.181987784819362
0.212608346359932
0.151733241943027
0.12424984493896
0.206085747979129
0.129835161658147
0.161188493513266
0.127690389153214
0.162028646383634
0.129525351462463
0.164688919944741
0.153178593418167
0.123578355081865
0.165401334521972
0.147118712054155
0.142805249352433
0.132393997438796
0.127270605600694
0.144821262351268
0.16636600203994
0.134584326259706
0.159598856742256
0.182871027260892
0.140725487051462
0.224844130773368
0.172043153924819
0.144811821086456
0.146311598155505
0.185780626717804
0.142896882882458
0.125635678351146
0.163362332252785
0.136560989832779
0.128053750885039
0.169650968717441
0.118703498283467
0.125924171788644
0.161509029622075
0.163332280785047
0.144260935929099
0.201817423264846
0.1670300552309
0.183663376752522
0.172219303605967
0.166791539970886
0.195204659817618
0.182422115166364
0.185116176236186
0.140366204659102
0.15306576413228
0.185694683493012
0.187166236711528
0.136557809475488
0.143717607251182
0.125694182850253
0.149514109015131
0.178136553708064
0.162277498263092
0.14353436080024
0.159862997163835
0.16458307145313
0.226682650987287
0.25852499196263
0.16465056589941
0.198578561317004
0.150978502970227
0.165952213452584
0.138092828104593
0.160458824060644
0.177884431127077
0.173934136758269
0.161499491719132
0.134081830811901
0.178266688927126
0.181746190476087
0.156150536348549
0.187048821370222
0.152722821620548
0.145489145749396
0.175487451987421
0.185003789224157
0.154555386275596
0.151947028197209
0.150908813557404
0.208185116347007
0.1421534231363
0.154269893237961
0.133622499590546
0.180633305680066
0.15868555656966
0.129946563052293
0.203421591818253
0.183550817265662
0.147045320341384
0.17251286524576
0.140469353781071
0.152130159448427
0.159389085749564
0.164108155224761
0.168471357894507
0.170846067461437
0.178685679667782
0.194943215816293
0.220875901763292
0.205319086738148
0.189835649886983
0.184649121536042
0.159651077816791
0.16707117580486
0.156594431047867
0.158970734796847
0.142095584858556
0.203452162645521
0.188685301291048
0.14807380736432
0.136902784808458
0.159448230273632
0.149944988713064
0.135086387974127
0.151984235220118
0.130458680212136
0.137015230539658
0.200144523888915
0.141838272611265
0.171333136766301
0.140267991203131
0.146879424362055
0.146146565084759
0.186561069993836
0.173219878955299
0.217216944354282
0.202683765923363
0.12273633991776
0.131810006788171
0.154533152419559
0.119959974893792
0.16320499329708
0.176188138923105
0.141157435531815
0.123029810568093
0.147224880576311
0.123703857242585
0.14935187521691
0.188285075923299
0.190251644232275
0.215788190074521
0.185118701200547
0.134600001900418
0.154917305143628
0.138731594794434
0.15889441938057
0.17658762568493
