"V1"
0.18180115528586
0.137310837850213
0.099337818113324
0.174563924435201
0.173745934404082
0.177888119822035
0.122516147719103
0.104073690210557
0.175598854398962
0.201892147738443
0.20611263198441
0.158863821478733
0.130684575878594
0.132516908341621
0.0937518320902673
0.158843385684627
0.144035274935266
0.16384580920955
0.165546063427642
0.185420297261498
0.181733443039677
0.140729006154623
0.109662422017795
0.154502738736139
0.143734941316812
0.17183339899464
0.150144016711306
0.156686654036735
0.150041698051135
0.132710974368981
0.16037756960847
0.120448543863794
0.116317750475183
0.10612232445104
0.133850949308428
0.150071976033518
0.138109727187666
0.163360418279339
0.153394444841032
0.190101114497459
0.130490266366476
0.125270740891886
0.130298104169584
0.181353950578912
0.196596860863878
0.135415159661406
0.148673562256653
0.160253803110538
0.177050706032975
0.131683686918199
0.163753657638475
0.132517162350713
0.111534196244255
0.111959079466278
0.12788781409977
0.182846977293767
0.139718367584696
0.109578621502763
0.128459396969962
0.131920710806352
0.111359056039188
0.144467143114882
0.16596492048901
0.178988620499759
0.189178101910277
0.103411056759802
0.13507473705665
0.153867697107082
0.139855313956173
0.118183892163415
0.146283219133615
0.152000313312799
0.126021657687129
0.126876237561274
0.132466110693083
0.150424430754416
0.143727604429292
0.160100659292486
0.146207704555959
0.134147542662379
0.164692916434873
0.141918198500214
0.163037689767698
0.245902923997604
0.177323707510812
0.134932125332302
0.146684315132928
0.137276500776505
0.165176123185756
0.146793237649399
0.142886012423414
0.157514822327831
0.164378887667232
0.158712461894531
0.155174615304724
0.119517304027147
0.119063378333933
0.151319631331955
0.138959899117152
0.140903349232298
0.15695160959352
0.156115264719222
0.138629653511113
0.134295972932532
0.136913301172848
0.166057360312525
0.124417471493369
0.189196766547157
0.151137870730131
0.107332765221927
0.122088478421348
0.121975451678725
0.206352402614381
0.14548676270935
0.140600618198558
0.14945690386796
0.118467966681895
0.143165378771944
0.132469529067792
0.181653506942495
0.142651608921133
0.149351311236767
0.108775411266446
0.129151161121971
0.154879694388017
0.146992913980769
0.154242816898166
0.103176134077318
0.157984675585269
0.1719569925625
0.147468775789307
0.112920879126442
0.127855719877297
0.122636876120928
0.127530897064849
0.128198162789952
0.148960036960696
0.152946781762197
0.130646361093311
0.138107393078202
0.157835604909676
0.184606134618307
0.195432801348536
0.140037824077189
0.189010857077414
0.169869642242355
0.149278980575575
0.134719541160152
0.0997647760995904
0.120476156664442
0.165470617527685
0.104025995835043
0.118595469322913
0.176469808678673
0.173723689546972
0.168187471014453
0.13440739590916
0.163174260612863
0.152839485407257
0.15621633499438
0.174743648994262
0.208994014176996
0.132023952080503
0.173405721776035
0.145599197819808
0.139994651489549
0.174022201016685
0.169120024771891
0.142477044394344
0.191653253693926
0.184830483286881
0.125328096612898
0.175138644346769
0.15682981561606
0.159126721202917
0.145480859692252
0.109945971341375
0.149517417211369
0.177015515821589
0.189040943512718
0.208743134338939
0.145976413672036
0.138896296846414
0.193913579422537
0.174757880018289
0.130997044375721
0.123889472229522
0.195033186955631
0.154908462174861
0.159977072861172
0.199034167216172
0.167576325748875
0.14680261156781
0.166917115914019
0.13196985907914
0.123013031694241
0.132302104027443
0.157868379058717
0.160307456052978
0.171210693262709
0.128200645888415
0.168924342343017
0.1143748758184
0.128612402008708
0.124983277155347
0.172625228441542
0.135899767883427
0.143001248336642
0.126015651794893
0.138547961751626
0.128135566356442
0.114381912044158
0.146871965717939
0.122569683800666
0.143649899043544
0.158198879918571
0.170475412576576
0.145495118107108
0.159676261149162
0.133814314747917
0.164646078533718
0.173608478352149
0.160094385911833
0.123234867446998
0.123096853704873
0.133811491082665
0.131406875713402
0.166567623924068
0.149313851010288
0.113148565075562
0.178914124649663
0.123711588637543
0.157168266651424
0.1652457257043
0.198399585042271
0.141191731861074
0.141737519046413
0.123216737963793
0.12271237780772
0.181759105330168
0.17789913773594
0.141086405455788
0.177862712022983
0.128195608655335
0.139242921965908
0.147733043640306
0.146883849511042
0.193047957046185
0.158324520513517
0.143369256621085
0.131537513720162
0.139814723376291
0.115745329845216
0.130253158956287
0.112648747548567
0.132522937269188
0.124858521103958
0.120928903274982
0.0928651603124607
0.0998067703412221
0.129316569813847
0.12174175810244
0.132008841442112
0.12291576616662
0.135107773400642
0.162569857423242
0.112420170696701
0.107283540248732
0.118330061318127
0.154391644313779
0.145221708221774
0.139066325994513
0.137700452094194
0.200298569278178
0.14508275895526
0.16567241332067
0.160861877654827
0.128205176914693
0.104766512452956
0.126802155377845
0.166151072121438
0.124995461695139
0.15217316924394
0.149110512064345
0.115401224782657
0.151951118606825
0.160766775767074
0.137442678093542
0.126985788304151
0.149141121759889
0.171420437856924
0.122090358289301
0.120730565424831
0.127411515903923
0.144193140711297
0.155228991129813
0.146615887625644
0.143620522675799
0.122564935927619
0.13608975603066
0.125428939334909
0.148012525386005
0.177411668451468
0.18782131016471
0.18712138175153
0.224761412021643
0.208549260653711
0.150175966672435
0.149033235472116
0.217556613816128
0.194169268942503
0.138091454790182
0.176500936944476
0.13117110132611
0.137737675349302
0.118587152913115
0.117943335521712
0.12277230694513
0.122743274656849
0.124953412632041
0.178508024806711
0.22742991014575
0.172486857293419
0.146044898624466
0.147154637417767
0.126477751541803
0.147421723815964
0.166467297335257
0.127624213798963
0.166694990329562
0.125242520834082
0.131755976528166
0.197567308684409
0.235246258308126
0.243431948710804
0.17668498866674
0.175647738543678
0.149422565495298
0.169924162894284
0.139424582699766
0.130974081513159
0.109661870651353
0.148639085127813
0.145715290171251
0.159295270087228
0.184397924787391
0.143012466239079
0.150860539256157
0.210401641752935
0.166337600466722
0.207587945884853
0.168332556874975
0.150194870817479
0.151556479318942
0.199422677418562
0.177986200933552
0.184129362131179
0.115701381836439
0.127066271162625
0.134539758778985
0.155296222329152
0.155544868263719
0.144359152044334
0.120894544500937
0.168000293182366
0.18263085374971
0.149917250032565
0.125441760572505
0.138389426845086
0.126654908492143
0.149809685431968
0.153081404882116
0.118811889662427
0.183504410442851
0.139932072208986
0.168450112736747
0.174597232538184
0.18952575170172
0.162915788663153
0.18099182810562
0.140844785764125
0.167881254768062
0.153057071851616
0.134163167300181
0.144142209533876
0.151423278447203
0.166197403394793
0.194724602076548
0.209044817791709
0.155690968240626
0.184936300936545
0.178288480792283
0.139882649187621
0.188765640321342
0.13684449590557
0.146180947616302
0.170612231449413
0.120258677632701
0.135750335071043
0.13176358678845
0.158484021976471
0.12527987654264
0.124352809398737
0.171098673314598
0.138146250424433
0.141619218196538
0.138520890698092
0.15852865167782
0.124544025258395
0.166332008052455
0.169809959510206
0.129167266119494
0.114232108028228
0.157270496545372
0.107468445445803
0.104792252392136
0.153930960801726
0.136231826284523
0.132848230322911
0.132285635132115
0.139241659672685
0.141737188130359
0.147124067519379
0.161834976250781
0.188953655876282
0.144452827124083
0.186794576663858
0.17353618064957
0.150641141382956
0.120993360528983
0.117897893013516
0.127098080798883
0.163921270180053
0.170539963394364
0.175804057722535
0.134393366607645
0.11423923781266
0.132395578502605
0.147295764955855
0.154303829624289
0.179392042280354
0.150374514682485
0.163257299522427
0.164567984332866
0.178202464640496
0.130026448265629
0.184811955762262
0.117682637012976
0.156130611282959
0.192753933275745
0.163634646877852
0.135198589409054
0.184194548556552
0.203954059181994
0.159595776805485
0.128106738309565
0.132637369972737
0.154910213765688
0.173711834098452
0.154489443471247
0.147006648088357
0.131422244643606
0.152237260378334
0.153702628495074
0.165614342998137
0.16777326325308
0.152681610080851
0.153204974925414
0.121571675746418
0.144235070068468
0.151983704390101
0.134244080832158
0.12217457365243
0.115649448896447
0.133428542691298
0.140418631663616
0.125495869388597
0.144117719088352
0.119766350111294
0.157648942747935
0.136231808012526
0.11260667458213
0.159741347806669
0.175114627678669
0.140528259354282
0.170457837901146
0.145066392467886
0.173467132453216
0.135640599142959
0.151305328136663
0.163731201178468
0.178641535238174
0.156924185798457
0.122239962869404
0.150962993189861
0.193791016857328
0.232802267521929
0.242466582094632
0.215536800314126
0.115339704786731
