"HHSize" "Owner" "HHGender" "HHRace" "HHHisp" "HHAge" "HHRelate"
1 2 2 2 1 39 1
1 2 1 4 1 24 1
1 1 1 1 1 68 1
1 1 1 1 1 75 1
3 1 1 1 1 54 1
2 1 2 1 1 39 1
1 1 1 1 5 71 1
1 1 1 1 1 95 1
1 1 2 1 1 65 1
1 1 2 1 1 61 1
2 1 2 1 1 60 1
2 1 2 1 1 48 1
3 2 1 1 1 26 1
1 1 1 1 1 80 1
2 1 2 1 1 57 1
1 1 2 1 1 73 1
1 1 1 1 1 69 1
1 1 2 1 1 73 1
1 1 1 1 1 64 1
1 1 1 1 1 80 1
1 2 1 1 1 35 1
2 1 1 1 1 42 1
2 1 2 2 1 48 1
1 1 2 2 1 78 1
2 1 1 1 1 61 1
1 2 1 6 1 49 1
1 1 2 1 1 76 1
2 1 2 1 1 55 1
1 1 2 1 1 29 1
1 1 1 1 1 64 1
2 1 2 1 1 64 1
2 1 1 1 1 55 1
2 1 1 1 1 55 1
1 1 1 1 1 65 1
1 1 1 1 1 71 1
3 1 2 1 1 43 1
1 1 2 1 1 52 1
1 2 2 1 2 72 1
3 2 1 6 1 46 1
2 1 2 1 3 49 1
2 1 1 1 1 67 1
2 1 2 1 1 67 1
1 1 1 1 1 81 1
2 2 2 1 1 57 1
1 2 2 1 1 77 1
3 1 1 1 1 43 1
2 1 1 1 1 43 1
1 1 2 2 1 81 1
1 1 1 1 1 60 1
1 1 2 1 1 21 1
2 1 1 2 1 69 1
1 2 1 1 1 38 1
2 1 2 1 1 32 1
2 1 1 9 1 78 1
3 1 2 2 1 51 1
1 2 2 1 3 37 1
2 1 1 1 1 55 1
1 1 1 1 1 85 1
3 1 1 1 1 59 1
1 1 1 1 1 54 1
1 2 1 1 1 26 1
1 1 1 1 1 75 1
3 1 1 6 1 38 1
3 1 1 1 1 58 1
2 1 2 1 1 74 1
2 2 1 1 1 34 1
3 1 2 1 1 34 1
3 1 1 1 1 43 1
1 1 1 1 1 52 1
3 1 2 3 1 46 1
1 1 1 1 1 74 1
1 2 1 1 1 29 1
3 1 2 1 1 22 1
1 1 1 1 1 81 1
1 1 2 1 1 85 1
2 1 1 1 1 50 1
1 1 1 1 1 61 1
1 1 2 1 1 62 1
1 1 2 1 1 42 1
1 1 1 1 1 68 1
2 1 1 7 2 27 1
1 1 2 1 1 41 1
1 1 1 1 1 75 1
1 1 1 1 1 59 1
3 1 1 1 1 55 1
3 1 1 1 1 71 1
1 2 2 1 1 26 1
3 2 2 1 1 49 1
2 1 1 1 1 65 1
2 2 2 1 1 45 1
1 1 1 1 1 56 1
3 1 1 1 1 39 1
2 1 1 1 3 38 1
2 1 2 1 1 75 1
1 1 2 1 1 48 1
1 1 2 1 1 76 1
1 2 1 1 1 24 1
3 1 2 1 1 42 1
1 1 1 1 1 42 1
1 1 1 1 1 85 1
1 1 1 5 1 65 1
1 1 1 1 1 70 1
3 1 1 1 1 39 1
1 1 2 1 1 64 1
1 1 2 1 1 65 1
1 1 1 1 1 59 1
3 1 2 2 1 53 1
1 1 1 1 1 60 1
2 1 2 1 1 41 1
3 1 2 1 1 36 1
3 1 1 2 1 68 1
1 1 2 1 2 51 1
2 2 1 1 1 27 1
1 1 1 1 1 72 1
1 1 2 1 1 67 1
1 1 1 1 1 68 1
2 2 2 2 1 37 1
1 1 2 1 1 60 1
2 1 1 1 1 52 1
1 1 2 1 1 77 1
1 1 2 1 1 96 1
1 1 2 2 1 63 1
1 1 1 1 1 60 1
1 1 2 2 1 76 1
2 2 2 2 1 27 1
1 1 2 1 1 91 1
1 1 1 1 1 85 1
1 2 2 2 1 48 1
3 1 1 1 5 43 1
1 1 2 1 1 43 1
2 1 2 1 1 57 1
3 1 1 1 1 58 1
1 1 2 1 1 61 1
1 1 1 1 1 35 1
1 1 1 1 1 89 1
2 1 1 1 1 58 1
1 2 1 1 1 59 1
1 1 1 1 1 54 1
1 1 1 1 1 57 1
2 2 2 2 1 33 1
1 1 1 1 2 31 1
1 1 1 1 1 64 1
1 1 1 1 2 65 1
2 1 1 1 1 67 1
2 1 1 1 1 37 1
2 2 2 7 2 47 1
2 1 2 1 4 51 1
1 1 1 1 1 88 1
2 1 2 2 1 56 1
1 1 1 1 1 94 1
1 1 2 1 1 57 1
1 1 1 1 1 79 1
1 1 2 1 1 72 1
2 1 2 1 1 34 1
1 1 1 2 1 58 1
1 2 2 1 1 63 1
2 2 2 1 1 41 1
3 1 1 1 1 56 1
2 1 1 1 1 73 1
2 1 2 2 1 56 1
1 1 1 1 1 77 1
1 1 1 7 2 37 1
2 1 1 1 1 37 1
1 1 1 1 1 70 1
2 2 2 1 1 48 1
1 1 1 1 1 76 1
1 2 1 1 1 37 1
2 1 1 1 1 49 1
1 1 1 1 1 48 1
1 2 1 1 1 20 1
1 1 2 1 1 72 1
3 1 2 1 1 23 1
1 1 1 1 1 83 1
2 1 1 1 1 53 1
1 1 1 1 1 61 1
3 1 1 1 1 48 1
1 1 1 1 1 74 1
1 1 1 1 1 54 1
1 1 1 1 1 85 1
1 2 1 6 1 72 1
2 1 2 1 1 60 1
1 1 2 1 1 84 1
1 2 1 1 1 31 1
1 1 2 1 1 42 1
1 1 1 1 1 94 1
3 1 2 1 1 49 1
1 1 1 1 1 72 1
1 1 1 1 1 71 1
3 1 2 3 4 31 1
1 1 1 1 1 70 1
3 2 2 1 1 28 1
1 2 2 2 1 58 1
2 1 1 2 1 64 1
3 1 2 1 1 41 1
2 1 1 1 1 31 1
1 1 1 1 1 69 1
2 1 1 1 1 48 1
1 1 1 1 1 80 1
3 1 1 1 1 62 1
2 1 1 1 1 73 1
1 2 1 1 1 52 1
2 1 1 1 1 42 1
1 1 2 1 1 61 1
1 1 1 1 1 43 1
3 1 1 1 1 48 1
3 1 2 2 1 53 1
1 1 2 1 1 50 1
1 2 2 1 1 83 1
2 1 1 4 1 57 1
3 1 2 1 2 30 1
1 2 2 1 1 55 1
2 1 2 1 1 70 1
3 2 2 1 5 18 1
2 2 2 2 3 59 1
3 1 2 1 1 27 1
3 1 1 2 1 65 1
2 1 1 1 1 52 1
3 1 1 1 1 52 1
3 1 1 1 1 56 1
3 1 2 1 1 48 1
1 2 2 1 1 37 1
1 1 1 1 1 83 1
2 1 1 1 1 39 1
3 1 1 1 1 78 1
2 1 2 1 2 48 1
1 1 1 1 1 66 1
3 1 1 1 1 30 1
2 2 1 1 1 31 1
1 1 1 1 1 67 1
2 2 2 1 1 32 1
3 2 2 2 1 31 1
2 2 2 1 2 39 1
3 1 1 1 1 50 1
3 1 1 1 1 57 1
1 1 1 1 1 58 1
3 2 2 1 5 33 1
2 1 1 1 1 38 1
3 1 1 1 1 36 1
2 2 1 1 4 21 1
1 2 2 1 1 52 1
1 1 1 1 1 56 1
1 1 1 1 1 73 1
2 2 2 1 1 21 1
2 1 2 1 1 37 1
2 1 2 1 1 60 1
3 1 1 6 1 45 1
1 1 2 1 1 73 1
2 1 1 1 1 49 1
3 1 1 1 1 39 1
3 1 1 1 1 33 1
1 1 2 1 1 57 1
3 1 1 1 1 38 1
1 1 2 3 3 53 1
2 1 1 1 1 61 1
3 2 2 2 1 33 1
1 1 1 1 1 27 1
1 1 1 1 1 30 1
2 2 2 1 1 43 1
2 1 1 1 1 63 1
1 1 1 1 1 52 1
1 1 1 2 1 65 1
1 1 2 1 1 80 1
1 1 1 1 1 77 1
1 1 2 1 1 70 1
3 1 1 1 1 44 1
1 1 1 1 1 68 1
1 1 1 1 1 70 1
1 1 1 1 1 89 1
1 1 1 1 1 55 1
1 2 1 1 1 70 1
1 2 2 1 1 50 1
1 2 2 1 1 94 1
2 2 1 1 1 23 1
1 1 1 1 1 51 1
3 1 2 2 1 57 1
2 1 1 1 1 45 1
3 1 1 1 1 50 1
2 1 1 1 1 77 1
3 1 1 1 5 39 1
1 1 2 1 1 56 1
1 2 2 1 3 46 1
1 2 1 2 1 50 1
2 1 1 6 1 44 1
3 1 2 1 1 39 1
1 1 1 1 1 63 1
1 1 1 1 1 53 1
1 1 1 1 1 93 1
3 1 1 7 2 30 1
3 2 2 1 2 37 1
1 1 2 1 5 47 1
1 1 2 1 1 45 1
3 2 2 2 3 26 1
1 1 2 1 1 54 1
2 1 1 1 1 34 1
3 1 2 6 1 48 1
1 2 1 5 1 45 1
1 1 1 1 1 29 1
1 1 2 1 2 68 1
1 1 1 1 1 77 1
2 2 2 1 1 25 1
1 1 2 1 1 71 1
3 1 1 1 2 44 1
2 1 1 1 1 56 1
3 1 1 1 1 47 1
1 1 2 1 1 52 1
2 1 2 1 1 95 1
1 1 2 1 1 42 1
1 1 1 1 1 52 1
1 1 2 1 1 68 1
2 1 1 1 1 67 1
3 1 1 7 5 50 1
1 2 2 1 1 21 1
1 2 1 1 2 37 1
1 1 1 1 1 66 1
1 1 1 1 1 74 1
2 1 2 1 1 50 1
3 1 2 1 1 30 1
3 2 1 1 1 42 1
2 1 1 1 1 42 1
1 1 1 1 1 54 1
3 1 1 1 1 50 1
1 2 2 2 1 67 1
2 1 1 1 1 35 1
1 2 1 1 1 30 1
1 2 2 1 1 51 1
1 2 2 1 1 45 1
2 2 2 1 1 50 1
2 1 1 1 1 44 1
1 1 2 1 1 63 1
1 1 2 6 1 58 1
1 2 2 1 1 69 1
1 1 1 1 1 73 1
1 2 1 4 1 27 1
2 1 1 1 1 58 1
3 1 1 1 1 54 1
1 1 1 1 1 49 1
2 1 1 1 1 34 1
1 1 2 1 1 34 1
1 2 2 1 5 50 1
1 1 1 1 1 59 1
2 1 1 1 1 77 1
1 1 1 1 1 63 1
3 1 2 2 1 54 1
1 1 1 1 1 55 1
1 1 1 1 1 82 1
2 1 2 2 1 36 1
1 1 1 1 1 74 1
1 1 1 1 1 83 1
1 1 2 1 1 56 1
1 1 1 1 1 81 1
1 1 1 1 1 72 1
1 1 1 1 1 74 1
1 2 2 8 1 36 1
1 1 2 1 1 50 1
3 2 2 7 2 31 1
3 2 2 1 1 28 1
3 1 1 1 1 51 1
1 1 1 1 1 46 1
1 1 2 8 1 43 1
1 1 2 1 1 69 1
1 1 1 1 1 71 1
2 1 2 1 1 35 1
2 1 2 1 1 50 1
2 1 2 1 2 60 1
3 1 2 3 1 37 1
1 1 1 1 1 51 1
1 2 1 1 2 36 1
1 1 2 1 1 84 1
3 1 1 1 1 39 1
2 1 2 1 1 48 1
1 1 1 1 1 83 1
1 1 1 1 1 52 1
2 1 2 1 1 26 1
3 1 2 1 1 44 1
1 2 1 1 2 28 1
1 2 2 2 1 42 1
1 1 1 1 1 76 1
1 2 1 1 2 51 1
2 1 1 1 1 67 1
3 1 2 1 5 80 1
1 1 1 1 1 46 1
1 1 2 1 1 60 1
1 1 1 1 1 73 1
1 1 1 2 1 62 1
1 2 2 1 1 24 1
1 1 2 1 1 56 1
1 1 1 1 1 59 1
2 2 2 1 1 35 1
1 1 2 1 1 64 1
2 2 2 1 1 49 1
1 1 2 1 1 64 1
2 1 2 1 1 52 1
1 2 2 1 1 53 1
2 2 2 1 1 47 1
2 1 2 1 1 48 1
2 1 2 1 1 51 1
3 1 1 3 5 43 1
1 2 1 1 1 54 1
1 2 1 1 1 72 1
3 2 2 1 1 28 1
1 2 1 1 1 26 1
3 1 1 1 1 52 1
1 1 1 1 1 73 1
2 1 1 1 1 52 1
2 2 2 1 1 24 1
3 1 2 2 1 58 1
1 1 2 1 1 54 1
2 1 1 4 1 69 1
1 1 2 1 1 37 1
2 1 1 1 1 38 1
1 1 2 1 1 66 1
3 1 1 1 2 31 1
1 1 1 1 1 66 1
3 1 2 1 1 51 1
1 2 1 4 1 70 1
1 1 1 1 1 72 1
1 1 1 1 1 59 1
3 1 1 1 2 34 1
3 1 1 1 1 58 1
2 1 1 1 1 73 1
2 2 1 6 1 31 1
2 1 2 1 1 49 1
2 2 2 1 1 36 1
1 2 1 1 1 59 1
2 2 2 1 1 49 1
1 1 1 1 1 76 1
1 2 1 1 4 29 1
1 2 1 1 2 35 1
1 1 2 1 1 62 1
1 2 2 1 1 61 1
3 1 2 1 1 45 1
1 1 1 1 1 54 1
3 1 1 2 1 74 1
3 1 1 2 1 45 1
2 1 2 2 1 94 1
3 1 1 1 1 52 1
1 2 2 1 1 55 1
2 2 2 1 1 74 1
1 1 1 1 1 74 1
1 2 1 6 1 84 1
1 1 1 1 1 65 1
1 1 2 1 1 59 1
1 1 1 1 1 63 1
1 1 1 1 1 65 1
2 1 1 1 1 63 1
1 1 1 1 1 65 1
1 1 2 1 1 64 1
3 1 1 1 1 56 1
2 1 1 1 1 73 1
1 1 1 7 2 21 1
1 1 1 1 2 64 1
3 1 1 1 1 53 1
1 2 2 2 1 38 1
1 1 2 1 1 59 1
1 1 1 1 1 70 1
1 1 1 1 1 65 1
3 1 2 1 1 37 1
2 2 1 1 1 52 1
1 1 1 1 1 52 1
3 1 1 1 1 35 1
2 1 1 1 1 82 1
1 2 2 7 5 62 1
1 1 1 1 1 60 1
1 2 1 1 2 60 1
1 2 2 2 1 36 1
3 1 1 1 1 38 1
1 1 1 1 1 76 1
1 1 1 1 1 57 1
1 1 1 1 1 84 1
1 2 2 1 1 71 1
2 1 1 1 1 62 1
1 1 1 7 1 59 1
1 1 1 1 1 56 1
1 1 2 1 1 36 1
2 1 1 1 1 73 1
1 2 2 1 1 28 1
3 1 2 2 1 49 1
1 1 1 1 1 56 1
3 2 1 2 1 27 1
2 1 2 1 1 43 1
3 1 1 1 2 41 1
1 1 2 1 1 50 1
1 1 1 1 1 55 1
1 1 1 1 1 73 1
3 1 1 1 1 53 1
2 1 1 1 1 53 1
2 1 1 1 1 55 1
1 1 2 6 1 61 1
3 1 1 1 1 56 1
1 1 2 1 1 79 1
1 1 1 8 1 71 1
1 1 1 1 1 60 1
3 1 1 6 1 33 1
1 1 2 1 1 69 1
1 1 2 1 1 79 1
2 1 1 1 1 39 1
2 2 1 7 2 32 1
3 2 1 8 1 30 1
1 1 2 1 1 76 1
1 1 2 1 1 51 1
1 1 2 1 1 52 1
2 1 2 2 1 52 1
3 1 1 1 1 47 1
1 1 1 1 1 70 1
2 2 1 1 1 38 1
1 2 2 1 2 84 1
1 1 1 1 1 58 1
1 1 2 1 1 53 1
1 1 2 1 1 48 1
1 1 1 1 1 79 1
3 1 1 1 1 42 1
1 1 1 1 1 72 1
1 1 1 1 1 62 1
1 1 1 6 1 61 1
1 1 2 1 1 47 1
2 2 1 1 1 47 1
3 1 2 6 1 57 1
1 1 2 1 1 55 1
3 1 1 6 1 57 1
1 1 2 1 5 69 1
1 1 1 1 1 64 1
1 1 1 1 1 71 1
1 2 1 1 1 47 1
1 1 1 1 2 83 1
1 1 2 1 1 40 1
3 1 1 1 1 61 1
2 2 1 2 1 77 1
3 2 2 1 1 31 1
1 1 1 1 1 65 1
1 2 2 1 2 42 1
2 2 1 1 2 31 1
1 1 1 1 1 59 1
3 1 1 1 1 55 1
3 1 1 1 1 51 1
1 1 2 1 4 78 1
2 2 1 7 2 24 1
1 2 1 1 1 78 1
1 1 1 1 1 54 1
3 1 1 1 1 44 1
1 1 1 1 1 70 1
1 1 1 1 1 59 1
2 1 2 1 1 69 1
2 1 1 1 1 30 1
1 2 1 1 1 47 1
1 1 1 1 1 59 1
1 1 1 1 1 57 1
2 2 2 1 1 26 1
3 1 1 1 1 49 1
1 1 1 1 1 62 1
1 1 1 1 1 66 1
1 1 2 1 2 45 1
1 2 2 7 5 44 1
3 1 1 1 1 46 1
1 1 2 6 1 41 1
1 2 1 6 1 33 1
3 1 1 1 1 86 1
3 2 1 1 1 47 1
1 1 2 1 1 54 1
1 1 2 1 1 82 1
3 1 1 1 1 42 1
1 1 2 1 1 55 1
3 1 1 1 1 41 1
1 1 1 1 1 73 1
3 1 1 1 1 54 1
2 1 2 1 1 41 1
2 1 1 7 1 40 1
1 1 2 2 1 61 1
1 2 1 1 1 30 1
1 1 1 1 1 63 1
1 1 1 1 1 62 1
1 1 1 1 1 77 1
1 1 1 3 1 71 1
1 1 1 1 1 75 1
2 1 1 1 1 52 1
2 2 2 1 1 37 1
2 2 2 1 1 51 1
1 1 2 1 1 65 1
2 1 1 2 1 56 1
1 1 2 1 1 80 1
1 2 2 1 1 50 1
1 1 1 1 3 51 1
1 1 1 1 1 86 1
2 1 2 1 1 45 1
3 2 2 1 2 51 1
1 2 1 4 1 80 1
2 1 1 1 1 87 1
1 2 1 1 1 56 1
1 1 2 1 1 65 1
1 1 1 1 1 65 1
2 1 1 1 1 66 1
2 1 1 1 1 30 1
3 1 1 1 1 34 1
1 1 1 1 1 36 1
2 2 1 4 1 46 1
1 2 2 2 1 30 1
1 2 1 1 1 23 1
1 1 1 1 1 74 1
1 1 1 1 1 67 1
3 1 2 1 1 75 1
2 1 2 1 1 45 1
3 2 2 3 1 34 1
2 2 2 7 3 35 1
1 1 2 1 1 45 1
1 1 2 4 1 43 1
1 1 1 1 1 88 1
2 2 1 1 1 22 1
1 2 2 1 1 21 1
3 1 2 1 1 35 1
1 1 1 1 1 66 1
1 1 1 1 1 59 1
2 2 2 1 1 38 1
2 1 2 1 1 49 1
1 1 1 1 1 66 1
1 1 1 2 1 72 1
3 1 1 1 2 56 1
1 1 2 1 1 91 1
2 1 2 1 2 53 1
3 1 1 1 1 40 1
2 1 1 1 1 49 1
1 1 2 1 1 60 1
1 1 1 1 1 34 1
1 1 1 1 1 83 1
1 2 2 1 1 26 1
2 2 2 1 1 55 1
1 1 1 1 1 50 1
1 2 2 1 1 57 1
2 2 2 8 1 59 1
1 1 2 1 1 25 1
1 1 1 1 1 73 1
1 1 1 1 1 72 1
1 1 2 2 1 58 1
1 1 1 2 1 59 1
3 2 2 1 2 67 1
1 1 1 1 1 59 1
2 1 1 1 2 72 1
3 1 1 1 1 51 1
1 1 1 1 5 28 1
2 1 2 1 1 24 1
3 2 2 1 4 28 1
3 2 2 3 1 59 1
1 1 2 1 1 43 1
3 1 1 1 1 44 1
1 1 1 1 1 55 1
1 1 1 1 1 81 1
1 1 1 1 1 56 1
1 1 1 8 1 82 1
3 1 1 1 1 33 1
2 2 1 1 2 77 1
3 1 1 1 1 44 1
2 2 2 1 1 29 1
1 1 1 1 1 66 1
1 1 1 1 1 57 1
1 1 1 2 1 57 1
2 1 1 1 1 37 1
2 1 2 1 1 47 1
2 1 1 1 1 49 1
3 2 2 2 1 33 1
3 1 2 1 1 43 1
3 1 2 1 1 42 1
2 2 2 2 1 44 1
2 1 1 1 1 66 1
1 1 1 1 1 95 1
1 1 2 1 1 65 1
1 1 2 1 1 54 1
1 2 2 1 1 33 1
1 1 1 1 1 78 1
2 1 1 1 1 33 1
2 1 1 1 1 32 1
2 1 2 1 1 42 1
2 1 1 1 1 53 1
1 1 1 1 1 71 1
3 1 1 1 1 56 1
1 2 2 1 1 68 1
2 2 1 1 2 34 1
1 2 2 1 1 28 1
1 1 1 1 1 81 1
3 2 2 1 1 55 1
1 1 1 1 1 75 1
3 1 1 1 1 42 1
1 1 1 1 1 54 1
2 1 2 1 1 61 1
2 1 1 1 1 48 1
3 2 2 2 1 47 1
1 1 1 8 1 34 1
3 1 1 1 1 49 1
2 1 1 1 1 44 1
1 2 2 1 1 26 1
1 1 1 1 1 57 1
1 1 1 1 1 65 1
1 2 1 1 1 33 1
2 1 1 1 1 51 1
3 1 1 1 1 71 1
1 1 1 1 1 62 1
1 1 1 2 1 78 1
1 2 1 1 1 53 1
1 1 2 1 2 78 1
2 1 1 1 2 58 1
1 1 2 1 1 62 1
2 1 1 1 1 56 1
2 1 2 1 1 59 1
3 1 1 1 4 59 1
1 1 2 1 1 52 1
1 2 1 7 2 57 1
1 1 2 1 1 30 1
1 2 2 1 2 83 1
1 1 2 1 1 63 1
1 1 1 2 1 62 1
1 2 2 4 1 43 1
3 1 1 1 1 55 1
1 1 2 2 1 50 1
1 1 2 1 1 73 1
3 1 2 1 1 40 1
1 1 1 1 1 72 1
1 1 1 1 5 85 1
2 1 1 1 1 61 1
1 1 1 1 1 64 1
1 1 2 1 1 69 1
2 1 1 1 1 28 1
1 1 2 1 1 43 1
1 2 1 1 1 26 1
1 1 2 1 1 45 1
2 2 2 1 1 30 1
2 2 2 1 1 52 1
1 1 1 1 1 63 1
1 1 1 1 1 68 1
2 1 2 1 1 39 1
1 1 1 1 1 56 1
3 1 1 1 1 49 1
3 1 1 1 1 32 1
3 1 2 1 1 54 1
3 1 2 1 1 45 1
2 1 1 1 1 62 1
1 1 1 1 1 80 1
2 1 1 1 1 51 1
1 2 1 1 1 25 1
2 2 1 1 1 23 1
1 1 1 1 1 68 1
1 1 1 1 1 66 1
3 2 1 1 2 41 1
1 1 1 1 1 66 1
1 1 2 1 1 31 1
1 1 2 1 1 58 1
2 1 1 1 1 41 1
3 1 1 4 1 40 1
1 1 1 1 1 62 1
3 2 1 2 1 31 1
2 1 1 1 4 36 1
1 1 1 1 1 58 1
1 1 1 1 1 94 1
1 1 2 1 1 37 1
1 1 2 1 1 50 1
1 1 1 1 1 53 1
1 1 1 1 1 65 1
1 1 2 1 1 66 1
1 1 1 1 1 66 1
2 1 1 1 1 30 1
2 1 1 1 1 71 1
1 1 2 1 1 81 1
3 1 1 6 1 46 1
2 2 1 1 1 57 1
1 2 1 1 1 66 1
2 1 1 1 1 57 1
1 1 2 1 1 44 1
2 1 2 1 1 73 1
3 1 1 1 1 45 1
1 1 1 1 1 61 1
3 2 1 1 1 42 1
2 1 2 1 1 66 1
2 1 1 1 1 33 1
1 1 1 1 1 64 1
2 1 2 1 1 43 1
3 1 2 1 1 25 1
1 1 2 1 1 66 1
2 1 2 2 1 60 1
3 1 2 1 1 45 1
2 2 2 1 1 48 1
2 1 2 1 1 53 1
2 1 1 1 1 49 1
1 1 1 1 1 69 1
1 1 2 1 1 29 1
1 1 1 1 1 51 1
1 1 1 1 1 48 1
1 1 2 1 1 36 1
1 1 1 1 1 51 1
1 1 2 1 1 71 1
1 1 2 1 1 26 1
1 1 2 1 1 59 1
1 2 2 1 1 56 1
2 2 1 7 5 36 1
1 1 1 1 1 55 1
1 1 2 2 1 50 1
1 1 1 1 1 61 1
1 1 1 1 1 74 1
1 2 1 1 1 49 1
1 1 1 1 1 56 1
1 1 2 1 1 69 1
1 1 2 1 1 60 1
2 1 1 1 1 43 1
1 2 2 2 1 32 1
1 1 1 1 1 75 1
3 2 1 1 1 20 1
1 1 1 1 1 64 1
2 1 1 1 1 51 1
2 1 2 1 1 51 1
3 2 1 1 1 47 1
1 1 1 2 1 63 1
1 1 1 1 1 57 1
1 1 1 1 1 31 1
1 2 1 1 1 34 1
1 1 1 1 1 59 1
1 1 2 1 1 35 1
1 1 1 2 1 69 1
2 1 1 1 1 36 1
3 1 1 1 1 49 1
1 1 2 1 1 62 1
1 2 1 8 1 30 1
1 2 2 1 1 53 1
3 1 2 1 2 40 1
1 1 1 1 1 62 1
2 1 1 1 1 41 1
1 2 1 1 2 30 1
1 1 1 8 1 54 1
2 2 1 1 4 50 1
1 1 2 1 1 68 1
1 2 1 1 1 26 1
1 1 1 1 1 80 1
1 2 1 1 1 25 1
1 1 2 1 1 64 1
1 1 1 1 1 76 1
2 1 1 1 1 66 1
1 1 1 1 1 56 1
1 1 1 1 1 32 1
1 1 2 2 1 53 1
2 1 1 1 1 62 1
2 2 2 1 1 40 1
1 2 2 1 1 33 1
1 2 2 1 1 25 1
1 1 1 1 1 88 1
1 1 1 1 1 67 1
1 1 1 1 1 63 1
1 1 1 1 1 79 1
1 1 1 1 1 29 1
3 1 1 1 1 37 1
1 1 1 1 1 71 1
1 1 1 1 1 66 1
1 1 1 1 1 63 1
1 1 1 1 1 70 1
2 1 1 7 5 57 1
2 1 2 1 1 36 1
3 2 2 1 1 41 1
1 1 2 3 2 30 1
3 1 1 1 1 52 1
1 1 1 1 1 72 1
2 1 2 1 1 48 1
1 1 1 1 1 61 1
1 1 1 1 1 55 1
1 2 1 1 1 32 1
3 1 2 1 1 45 1
1 1 1 1 1 72 1
1 1 1 1 1 72 1
1 1 2 1 1 58 1
2 1 1 1 1 66 1
1 2 1 1 1 27 1
3 1 1 1 1 49 1
1 1 2 1 1 56 1
1 1 2 1 1 51 1
3 2 1 1 1 54 1
2 1 2 2 1 59 1
1 1 1 1 1 54 1
1 2 2 6 1 49 1
3 2 2 1 1 27 1
1 1 1 1 1 31 1
1 1 2 2 1 63 1
3 1 2 4 1 40 1
1 1 1 1 1 75 1
1 2 1 2 1 42 1
3 2 1 2 1 52 1
1 1 1 2 1 25 1
3 1 1 1 1 54 1
1 1 1 1 1 87 1
2 2 2 9 1 21 1
1 1 2 1 1 57 1
1 1 1 2 1 70 1
2 1 1 1 1 44 1
1 1 2 1 1 56 1
1 1 1 1 1 64 1
2 2 2 1 1 29 1
1 1 1 1 1 75 1
1 1 1 1 1 85 1
1 1 1 1 1 36 1
2 1 2 8 1 59 1
1 1 2 1 1 63 1
3 2 1 1 3 31 1
1 1 1 1 1 64 1
2 2 1 1 1 49 1
3 1 2 1 1 38 1
1 1 1 1 1 45 1
3 1 1 1 1 45 1
3 2 1 1 1 39 1
1 1 1 1 1 55 1
1 2 1 1 1 70 1
3 1 1 1 1 51 1
1 1 2 8 1 58 1
1 1 2 1 1 44 1
2 1 2 2 1 73 1
3 1 2 2 1 48 1
2 1 1 1 1 64 1
1 1 2 1 1 50 1
1 1 1 1 1 61 1
1 1 1 1 1 54 1
3 2 1 1 1 31 1
1 1 1 1 1 68 1
2 1 1 1 1 54 1
1 1 1 1 1 65 1
3 1 2 1 1 38 1
2 1 1 1 1 47 1
1 1 1 1 1 77 1
1 1 1 1 1 85 1
1 1 1 1 1 57 1
1 1 1 1 1 62 1
1 1 2 3 1 67 1
1 1 1 1 1 77 1
1 1 1 1 1 84 1
1 2 1 1 1 23 1
1 1 1 1 1 69 1
3 1 2 2 1 61 1
2 2 2 1 1 51 1
2 1 2 1 1 57 1
1 1 2 1 1 60 1
3 1 1 1 1 41 1
1 1 1 2 1 76 1
2 1 2 1 1 49 1
2 2 1 1 1 52 1
1 1 2 1 1 58 1
2 1 1 2 1 52 1
1 2 1 1 1 29 1
2 1 1 1 1 61 1
1 1 2 2 1 47 1
1 1 2 1 1 34 1
2 1 2 1 1 23 1
2 1 2 1 1 52 1
1 1 1 1 1 76 1
2 2 2 2 1 31 1
3 1 1 1 1 65 1
1 2 1 1 1 31 1
2 1 2 1 1 53 1
1 1 2 1 1 84 1
3 1 1 1 1 48 1
2 1 1 1 1 58 1
1 1 1 1 2 74 1
3 1 2 1 1 39 1
1 2 2 1 1 42 1
1 2 2 7 3 51 1
2 1 1 7 5 84 1
1 2 1 6 1 28 1
1 1 1 1 1 67 1
1 1 1 1 1 60 1
2 1 1 1 1 33 1
1 2 1 1 1 32 1
1 1 2 1 1 64 1
1 1 1 1 1 73 1
2 1 1 1 1 70 1
1 1 1 1 1 53 1
2 1 1 1 1 69 1
3 1 2 1 2 35 1
1 1 1 1 1 70 1
2 1 1 1 1 35 1
3 1 2 1 1 64 1
1 1 1 1 1 66 1
1 1 1 1 1 70 1
1 2 2 2 1 44 1
1 1 1 1 1 46 1
2 1 1 1 1 50 1
3 2 2 1 1 27 1
1 1 2 1 1 44 1
3 2 2 1 1 39 1
1 1 1 1 1 35 1
3 1 1 1 1 42 1
3 1 1 1 5 32 1
3 1 1 1 1 44 1
1 1 1 1 1 64 1
1 1 1 1 1 69 1
2 1 1 1 1 58 1
2 1 1 1 1 41 1
1 2 1 2 1 63 1
2 1 2 1 1 43 1
1 1 2 1 1 27 1
1 1 1 6 1 59 1
1 1 1 1 1 79 1
2 1 1 1 1 30 1
3 1 1 1 1 45 1
1 1 2 1 1 71 1
1 1 1 1 1 53 1
1 1 1 1 1 54 1
2 2 1 7 2 43 1
3 1 1 1 1 46 1
1 1 1 1 1 52 1
1 2 1 1 5 38 1
1 2 2 2 1 22 1
3 1 2 1 1 50 1
1 1 1 1 1 26 1
3 1 2 2 1 58 1
1 2 2 7 5 55 1
3 2 1 7 5 37 1
1 2 2 1 1 23 1
2 1 1 1 1 48 1
3 1 2 1 1 54 1
1 1 2 1 1 65 1
1 1 2 1 1 65 1
3 1 2 1 1 42 1
3 2 1 6 1 39 1
1 1 1 1 1 67 1
1 2 1 1 1 22 1
3 1 2 1 1 49 1
2 1 2 1 1 41 1
1 1 2 1 1 78 1
1 2 2 2 1 57 1
2 1 1 2 1 57 1
1 1 1 1 1 70 1
1 1 1 1 1 61 1
2 2 2 6 1 47 1
1 2 2 2 1 86 1
1 2 2 7 3 30 1
2 1 2 6 1 68 1
1 1 2 1 1 52 1
2 2 2 1 1 45 1
1 2 1 6 1 90 1
1 1 1 1 1 65 1
1 2 1 1 1 34 1
1 2 2 6 1 64 1
3 1 2 1 4 41 1
2 1 1 1 1 57 1
1 1 1 1 1 67 1
1 1 1 1 1 69 1
3 1 1 1 1 51 1
3 1 2 1 1 51 1
2 1 1 1 1 50 1
1 1 1 1 1 58 1
3 2 1 1 1 53 1
2 2 1 1 1 84 1
1 1 1 1 1 75 1
1 2 2 1 1 54 1
3 1 1 2 1 45 1
1 1 2 1 5 55 1
1 1 1 1 1 57 1
1 2 1 1 1 56 1
1 1 1 1 1 26 1
1 1 1 1 1 69 1
1 1 1 1 1 79 1
1 1 2 2 1 55 1
2 1 1 1 1 53 1
1 2 1 7 2 39 1
3 1 2 1 1 30 1
2 2 2 2 1 56 1
1 1 1 1 1 75 1
1 1 1 1 1 55 1
2 2 1 1 1 37 1
1 1 1 1 1 40 1
1 1 1 1 1 71 1
1 1 1 3 1 47 1
3 2 1 1 1 30 1
1 1 1 1 1 73 1
1 1 1 3 1 76 1
3 2 2 1 1 32 1
2 2 2 1 1 28 1
2 2 2 1 5 32 1
1 1 2 1 1 30 1
2 1 1 1 1 59 1
1 2 2 1 1 40 1
2 2 2 1 1 34 1
1 1 1 1 1 61 1
3 1 1 1 1 51 1
3 1 2 1 1 33 1
1 1 1 7 2 94 1
2 2 1 2 1 54 1
2 2 2 1 2 26 1
1 1 2 1 1 89 1
2 1 1 1 1 66 1
3 2 1 8 2 62 1
3 1 1 1 1 36 1
1 1 2 1 1 56 1
3 1 2 1 1 44 1
1 1 2 1 1 41 1
2 2 2 2 1 28 1
2 2 2 2 1 59 1
2 1 1 1 1 64 1
1 2 1 1 1 84 1
2 1 1 2 1 55 1
1 2 1 2 1 50 1
1 1 2 1 1 61 1
3 1 1 1 1 36 1
2 1 2 1 1 56 1
2 1 2 1 1 31 1
3 2 1 1 1 29 1
2 2 1 1 1 28 1
1 1 1 1 1 66 1
1 1 1 1 1 79 1
1 2 1 1 1 63 1
1 1 1 1 1 54 1
3 2 2 1 1 44 1
1 1 2 1 1 82 1
3 1 2 4 1 42 1
3 2 1 1 1 48 1
1 1 2 1 1 64 1
3 2 2 2 1 38 1
1 1 1 1 1 76 1
2 1 2 1 1 36 1
3 1 1 1 2 51 1
1 1 2 1 1 63 1
1 1 1 7 1 65 1
1 1 2 1 1 77 1
1 1 1 1 1 45 1
1 1 1 6 1 32 1
1 1 1 1 1 59 1
1 1 2 1 1 75 1
1 2 1 7 5 35 1
1 1 2 1 1 61 1
2 1 1 1 1 45 1
1 1 2 1 1 43 1
1 1 2 1 1 57 1
1 1 1 1 4 88 1
1 2 2 1 1 27 1
2 1 1 1 1 54 1
3 2 2 2 1 33 1
2 1 1 1 1 24 1
2 2 2 1 1 35 1
3 1 2 1 1 63 1
2 1 1 1 1 28 1
1 2 2 2 1 64 1
2 1 2 1 1 75 1
1 1 2 1 1 69 1
1 1 1 1 1 76 1
1 1 2 1 1 54 1
2 2 1 1 1 40 1
3 2 1 1 1 24 1
3 1 2 1 1 54 1
3 1 1 1 2 32 1
3 2 1 1 1 28 1
1 1 1 1 1 76 1
1 1 1 1 1 66 1
1 2 2 1 1 25 1
2 1 1 1 1 69 1
3 2 1 4 1 32 1
1 1 2 1 1 42 1
2 1 2 2 1 54 1
1 1 1 1 1 45 1
1 1 1 1 1 64 1
1 2 1 1 1 29 1
1 1 1 1 1 68 1
3 1 1 1 1 44 1
1 1 1 1 1 78 1
2 2 2 1 1 32 1
1 1 2 1 1 45 1
3 2 1 2 1 21 1
2 1 1 1 1 73 1
1 1 1 1 1 61 1
2 1 1 2 1 59 1
1 1 1 1 1 35 1
2 1 1 1 1 37 1
1 1 2 1 1 67 1
1 1 1 1 1 43 1
1 2 2 1 1 76 1
1 1 1 1 1 53 1
1 1 1 1 1 28 1
1 1 1 1 1 68 1
1 1 1 1 1 75 1
3 1 2 1 1 35 1
1 1 2 1 1 31 1
1 1 2 2 1 65 1
1 1 1 2 1 75 1
1 1 1 2 1 94 1
1 1 2 1 1 48 1
2 1 2 1 1 49 1
2 1 1 1 1 68 1
1 2 1 1 1 52 1
2 2 1 1 1 27 1
3 1 2 1 1 52 1
1 1 1 1 1 75 1
2 1 2 1 1 51 1
2 1 2 1 1 40 1
1 1 1 1 1 94 1
3 1 1 1 1 40 1
3 1 1 1 2 44 1
2 1 1 1 1 58 1
3 1 1 1 1 53 1
1 1 1 1 1 75 1
1 2 1 1 1 51 1
1 2 1 1 5 30 1
1 2 1 2 1 74 1
2 1 1 1 1 41 1
2 1 2 2 1 43 1
2 2 2 1 5 44 1
3 1 2 1 1 45 1
1 1 1 1 1 94 1
2 2 2 1 1 43 1
1 1 1 2 1 74 1
1 1 1 1 1 67 1
1 1 1 2 1 76 1
1 1 1 1 1 63 1
1 1 2 1 1 50 1
1 1 1 1 1 60 1
1 1 1 3 1 54 1
1 1 1 8 1 71 1
2 2 2 1 1 36 1
1 1 2 1 1 73 1
1 2 1 1 1 84 1
1 1 1 1 1 80 1
1 1 1 1 1 57 1
2 1 1 2 1 56 1
3 2 2 1 2 50 1
2 2 1 4 1 65 1
3 1 1 1 1 35 1
2 1 2 1 1 61 1
1 1 1 1 3 72 1
2 2 2 2 1 55 1
3 1 1 1 1 47 1
1 2 1 1 2 48 1
2 1 2 1 1 68 1
1 1 1 1 1 80 1
3 1 1 1 4 40 1
1 2 1 2 1 30 1
1 1 2 1 1 31 1
3 1 1 1 1 41 1
1 1 1 1 1 87 1
1 1 2 1 1 60 1
1 1 1 6 1 73 1
1 1 2 1 1 46 1
1 2 1 1 2 54 1
1 2 1 1 1 48 1
3 2 2 1 5 42 1
1 1 1 1 1 63 1
1 1 2 1 1 33 1
3 2 2 1 1 38 1
1 2 1 1 1 65 1
1 1 2 2 1 50 1
3 1 1 1 2 46 1
3 1 1 1 2 40 1
1 1 2 1 1 61 1
1 1 1 1 1 31 1
3 2 2 1 1 22 1
1 1 1 1 2 71 1
1 2 1 1 2 79 1
1 1 1 1 1 73 1
1 1 1 1 1 76 1
1 1 2 1 1 61 1
1 1 1 1 1 47 1
3 2 1 1 1 39 1
1 1 1 1 1 76 1
2 1 2 1 1 26 1
1 1 2 1 1 58 1
2 1 2 1 1 50 1
1 1 1 1 1 66 1
1 2 2 2 1 72 1
1 1 1 7 2 66 1
2 1 2 1 1 28 1
1 1 2 1 1 62 1
1 1 2 1 1 70 1
1 1 1 1 1 56 1
1 1 1 1 1 74 1
1 1 1 1 4 69 1
1 1 1 1 1 62 1
3 1 1 1 1 36 1
1 2 1 1 1 43 1
1 1 2 1 1 57 1
3 1 1 1 1 53 1
1 1 2 1 1 50 1
1 2 1 1 1 27 1
3 1 1 1 1 31 1
1 1 1 1 1 32 1
1 1 2 1 1 58 1
2 1 1 1 1 56 1
3 1 2 1 2 36 1
1 2 2 1 1 28 1
2 1 2 1 1 61 1
2 1 2 1 5 35 1
2 1 1 1 1 40 1
1 1 1 1 1 50 1
1 1 2 1 1 68 1
3 1 2 1 1 41 1
2 1 1 2 1 68 1
1 2 1 1 1 69 1
3 2 1 1 1 31 1
1 1 2 1 1 69 1
1 1 2 6 1 58 1
1 1 1 1 1 70 1
1 1 2 1 1 58 1
2 2 2 2 1 43 1
1 1 1 1 1 83 1
2 1 2 1 2 51 1
1 1 1 1 1 52 1
1 2 2 1 1 71 1
2 1 2 1 1 47 1
1 1 2 1 1 59 1
2 1 1 1 1 64 1
3 1 1 1 1 58 1
1 1 1 3 1 48 1
2 1 2 2 1 61 1
3 2 2 8 1 40 1
2 1 1 1 1 31 1
2 2 1 1 1 64 1
3 1 1 1 5 49 1
1 1 1 1 1 75 1
2 2 2 1 1 36 1
3 1 2 1 1 43 1
2 1 1 1 1 69 1
1 1 1 1 1 55 1
3 1 1 3 1 34 1
2 2 2 1 1 21 1
1 1 2 1 1 66 1
3 1 1 1 1 32 1
3 1 1 1 1 65 1
1 1 2 1 1 69 1
2 2 2 1 1 28 1
3 1 1 1 1 51 1
1 1 2 1 1 68 1
1 1 1 1 2 66 1
1 1 2 1 1 54 1
1 1 2 2 1 63 1
1 2 2 1 2 48 1
3 2 1 1 1 29 1
1 2 1 1 1 50 1
1 1 2 6 1 27 1
1 2 2 2 1 29 1
2 2 1 1 1 27 1
1 1 2 2 1 68 1
1 1 1 3 2 51 1
1 1 2 2 1 44 1
3 1 1 1 1 50 1
1 2 1 1 1 53 1
2 1 1 1 1 56 1
3 1 2 1 1 54 1
2 1 1 1 1 54 1
1 1 1 1 1 61 1
3 2 1 1 1 46 1
3 1 1 1 2 47 1
1 2 1 1 1 28 1
3 1 2 2 1 34 1
1 1 1 1 1 77 1
2 1 2 1 1 86 1
3 1 1 1 1 45 1
2 2 1 1 1 44 1
1 1 2 1 1 70 1
1 2 2 4 1 46 1
1 1 1 1 1 29 1
1 2 1 1 1 52 1
1 2 2 1 1 74 1
2 1 1 1 2 58 1
2 1 1 1 1 38 1
1 1 2 1 1 87 1
1 1 1 1 1 76 1
1 1 1 2 1 57 1
1 1 1 1 1 61 1
3 1 1 4 1 41 1
1 2 1 1 1 48 1
2 1 1 1 1 53 1
1 2 2 1 1 78 1
2 1 1 2 1 49 1
1 2 2 1 2 58 1
1 1 1 1 1 56 1
1 1 2 2 1 36 1
1 2 1 1 1 24 1
2 1 1 1 1 62 1
2 1 2 1 1 47 1
1 1 1 1 1 72 1
3 1 1 1 1 48 1
1 1 1 1 1 36 1
1 2 2 7 1 28 1
2 1 1 7 1 59 1
2 1 2 1 1 41 1
3 2 1 1 1 44 1
2 1 1 1 1 61 1
1 2 2 1 1 36 1
3 1 1 1 1 56 1
1 1 2 2 1 83 1
3 1 1 1 1 35 1
1 1 1 1 1 71 1
3 1 1 1 1 48 1
1 1 2 2 1 75 1
3 2 2 2 5 24 1
1 2 1 1 1 40 1
3 2 2 2 1 42 1
1 1 1 1 1 68 1
1 1 1 1 1 73 1
1 1 1 1 1 66 1
3 2 1 1 1 27 1
2 1 1 1 1 54 1
3 1 2 2 1 61 1
1 1 1 1 1 82 1
1 2 1 1 1 32 1
3 1 1 1 1 46 1
2 2 1 1 5 22 1
1 2 1 1 1 71 1
1 1 2 1 1 66 1
1 1 1 1 1 73 1
2 1 1 1 1 76 1
1 2 1 2 1 29 1
1 1 1 3 1 58 1
2 1 1 1 1 52 1
2 1 1 1 1 61 1
1 1 2 1 1 43 1
2 1 1 2 1 44 1
2 1 1 1 1 82 1
1 2 2 1 2 27 1
1 1 1 1 1 71 1
2 2 1 2 1 30 1
3 1 1 1 2 66 1
3 1 2 6 1 60 1
2 1 2 1 1 55 1
1 1 1 1 1 60 1
3 1 1 1 1 39 1
2 1 1 1 1 51 1
1 1 1 1 1 61 1
1 1 2 1 4 63 1
1 1 2 1 1 62 1
1 2 1 1 1 79 1
1 1 1 1 1 86 1
2 1 2 1 1 63 1
1 1 2 1 1 44 1
1 1 1 1 1 63 1
1 1 1 1 1 58 1
1 1 1 1 1 78 1
3 1 2 1 1 38 1
2 1 1 1 1 49 1
1 1 1 1 1 80 1
1 1 1 1 1 55 1
1 1 2 1 1 53 1
1 1 2 1 1 55 1
3 2 1 1 1 32 1
1 1 2 1 1 51 1
1 2 2 1 1 28 1
1 1 1 1 1 71 1
1 1 1 1 1 33 1
1 1 1 1 1 74 1
1 1 1 1 2 57 1
1 2 2 1 1 33 1
1 2 1 1 1 22 1
1 1 1 1 1 63 1
3 2 2 1 1 57 1
3 1 1 1 1 46 1
1 2 1 1 1 23 1
2 1 2 1 1 54 1
1 1 1 1 1 59 1
2 1 2 1 1 61 1
1 1 1 1 1 76 1
3 1 2 1 4 48 1
1 2 2 1 2 20 1
3 2 1 1 2 32 1
2 1 2 1 1 22 1
3 1 1 1 1 38 1
1 1 1 1 1 73 1
1 1 2 1 1 73 1
1 2 2 1 1 37 1
3 1 1 1 1 79 1
3 1 1 1 1 35 1
3 1 1 1 2 51 1
1 2 2 1 1 66 1
1 1 1 1 1 51 1
3 2 2 1 2 35 1
1 1 2 1 1 80 1
3 2 2 1 2 30 1
3 1 2 1 1 48 1
1 2 2 1 1 57 1
1 1 2 1 1 70 1
1 1 1 1 1 53 1
1 2 1 7 5 66 1
1 1 1 1 1 73 1
1 1 1 1 1 62 1
3 2 1 1 2 40 1
3 2 1 1 1 30 1
1 2 1 6 1 64 1
2 1 1 1 1 31 1
1 1 1 1 1 26 1
1 1 2 1 1 57 1
2 2 2 1 1 48 1
1 1 1 1 1 58 1
1 1 1 2 1 48 1
1 1 2 1 1 31 1
2 1 1 1 1 48 1
2 1 1 1 1 50 1
1 1 1 1 1 57 1
1 1 1 1 1 63 1
1 2 2 1 1 24 1
2 1 1 1 1 58 1
1 2 1 2 1 52 1
3 1 1 1 1 59 1
3 1 1 1 1 26 1
3 1 2 1 1 51 1
1 2 2 1 1 34 1
2 2 2 1 1 26 1
1 1 1 1 1 71 1
1 1 1 1 1 82 1
2 2 2 3 1 20 1
1 2 1 7 2 27 1
1 1 1 1 1 61 1
2 1 1 1 1 66 1
1 1 1 2 1 64 1
3 1 2 2 1 61 1
1 1 1 1 1 61 1
2 1 1 1 1 52 1
1 2 2 2 1 44 1
