"V1"
16
18
17
14
17
17
15
14
16
17
17
16
16
15
15
14
16
15
15
16
16
19
15
15
16
14
14
15
15
15
14
14
14
16
15
15
14
14
15
15
15
16
16
16
17
15
16
15
16
15
16
14
16
14
16
16
17
17
16
16
17
18
16
15
14
14
13
14
14
15
16
16
15
17
15
14
15
16
15
14
17
17
17
16
13
16
14
14
17
15
17
16
13
12
14
14
15
14
13
12
13
14
15
15
14
14
14
14
14
14
14
16
17
15
12
13
14
17
15
15
14
17
15
16
17
17
15
15
14
14
14
13
12
15
15
14
15
16
14
15
15
14
15
14
15
13
14
15
13
14
14
17
14
15
16
16
14
18
14
15
13
13
13
12
13
14
15
14
13
15
15
13
16
15
15
17
16
15
15
15
17
15
13
14
16
17
17
17
16
17
17
15
17
16
15
15
16
16
14
16
13
16
13
15
13
14
16
16
13
13
14
13
14
15
15
15
13
16
15
14
17
16
16
13
14
14
17
15
14
15
15
14
16
18
15
17
15
14
14
14
15
13
15
16
14
15
15
14
15
13
15
13
15
16
15
18
16
16
15
15
14
14
15
16
16
17
13
12
15
13
14
14
15
14
17
13
15
15
14
17
15
16
16
13
14
15
15
14
14
14
13
13
13
11
16
14
14
13
17
14
15
15
14
14
15
15
15
14
15
14
14
14
14
14
16
16
15
17
14
17
16
14
15
15
16
17
16
17
14
15
15
13
13
13
14
17
17
15
15
16
16
18
17
16
17
15
16
16
16
17
18
16
16
17
16
16
14
15
15
17
17
15
15
14
16
15
15
16
16
16
17
15
16
16
16
17
14
15
18
17
19
16
14
15
15
15
14
15
16
15
15
16
16
17
18
16
16
17
16
16
20
19
17
16
16
15
13
14
17
14
13
14
15
17
18
16
15
14
15
15
14
16
15
18
17
16
17
17
17
18
18
15
17
16
17
16
16
17
16
17
15
15
15
15
14
14
15
15
14
14
15
15
15
16
15
16
14
13
14
15
13
14
15
15
17
17
17
17
15
16
15
15
15
14
15
16
15
16
13
14
16
17
15
14
15
15
16
14
13
17
15
16
16
14
14
15
13
14
16
13
