"V1"
94380
102146
97864
82037
78408
77854
105269
90103
108065
99529
81295
104387
85006
87003
89738
97022
79640
82301
79711
104443
68813
86082
75856
86923
99848
88120
95536
71776
71471
91098
95605
90459
81351
90452
90654
123834
109808
89757
94192
91890
90594
89808
83864
96365
82751
102540
91185
80382
80847
94707
102836
94938
111550
87954
94169
93729
107649
106226
108269
88244
125360
87055
94125
92294
88376
104504
85560
84897
76179
89534
88563
99777
84735
82088
83488
99109
86607
102534
81051
75308
65846
73005
63600
66513
71389
68829
72909
73753
92860
63631
91890
68860
64647
52121
69158
77160
69045
67494
68168
67693
80593
73381
67558
67815
54521
83033
67023
90720
66232
70741
72556
85796
74198
81619
93265
70153
83323
85077
75368
93663
80689
107525
102039
111707
105240
92502
125256
103301
119643
144390
104056
125242
115092
94987
119103
91067
85739
121748
114427
98347
95340
118169
118269
109042
99123
82186
99009
105138
84402
98830
91241
101321
115538
103910
89010
67880
90087
88459
89166
83591
92457
67900
88453
89721
69609
76240
71212
76314
77909
82873
69728
72736
86075
91975
80583
83063
102653
90165
96307
89581
94937
105424
98337
82437
96398
87798
98029
109117
98112
103314
108471
88329
77953
85661
102400
99588
103607
78535
79135
81768
76872
72950
85678
79850
82034
89814
72931
88093
82786
81078
99497
100746
83878
99624
99745
91626
93254
90009
102829
95344
96779
108235
105769
97571
81078
76565
93345
78788
89375
86539
85609
78113
87273
69297
71889
76930
89572
83431
83537
83018
74823
76934
114563
96881
91084
73249
82539
107921
94508
87150
95414
65911
84501
87931
89733
86641
89552
83002
95172
90590
118821
79723
105376
119453
87647
96560
114293
98560
116715
117240
97559
74563
91699
72594
78823
86902
72518
67911
76878
65916
65305
61211
71284
61603
66160
87627
71384
60649
59465
57170
60987
59747
66644
49141
63151
62118
56073
56673
59230
62102
54359
67394
61321
65098
67984
61476
52485
66443
72015
62595
71442
67134
57584
63636
53442
79661
70963
68289
68476
74781
60259
66476
79591
70696
90149
69710
78755
76916
93951
90230
77205
65639
58578
68369
73802
62887
90050
60429
74364
65568
47230
60290
76396
66592
53708
56931
73997
60305
67174
68079
59077
73406
85879
81080
78946
78923
94546
81394
84378
71455
78150
68134
69479
65718
65154
61112
67136
61720
70974
76034
68286
73552
75617
74312
72870
77301
87897
87606
91929
87787
106890
80225
91222
94194
109065
66979
96643
87751
88753
78374
77158
96722
72707
80468
86565
84956
75005
69705
69590
74466
74875
74335
74291
74453
82164
79588
67309
74566
82127
88654
79664
78842
88339
85180
85281
88981
90941
86265
65517
69350
69681
61251
72458
62445
55917
51189
79141
58372
64036
61769
55053
69353
70481
70825
74159
74717
69971
67413
71398
68539
60030
62936
58544
62182
61079
60237
70263
61018
52890
66209
64863
70710
75961
56856
76211
72382
62347
72548
63963
66310
47153
56688
55073
75847
72446
72267
62294
62738
78291
51439
59364
60025
67684
62351
73410
72627
78321
61500
77862
77032
74787
81212
73989
79663
80431
73607
84048
121121
106339
107857
94966
111653
117411
96947
109008
134174
109642
94142
104772
103828
