"V1"
39792
42408
43053
43753
42748
43534
44525
45021
41381
40596
40016
44364
46879
44523
44312
44711
47027
48782
46372
43626
43295
44021
44907
46629
46531
47279
47695
43698
46595
43491
44759
43339
45826
45038
46461
44545
46490
50438
49094
47932
45332
41349
40685
41105
40507
42188
47486
49530
49438
51860
50690
51692
55027
52609
53639
53416
50629
51093
51148
48157
50756
51997
54424
51210
51446
52913
48757
53209
51090
51158
53560
53724
55811
54026
48557
50713
54002
52328
50852
48781
53471
51335
47709
49331
48891
46006
47699
52867
50640
45696
46526
49405
47583
49508
52047
51903
51166
50606
47042
45949
43880
45293
45581
43332
43058
41855
46788
47413
45156
41641
41394
44521
40326
42673
43085
45212
45538
44247
44001
48321
45767
46219
47020
45286
44496
44080
45511
43386
43272
45561
51304
47479
46211
48089
43276
47206
48333
45247
46195
46751
46051
45622
45947
45182
46900
48756
44974
43955
44940
45482
47803
47378
45659
44604
43642
44026
44342
46340
45319
44411
43740
45249
46758
45962
49183
42335
41341
41141
41536
41658
44344
41153
41518
45221
43242
44874
42739
47197
46803
45700
48318
45637
47138
49366
48427
45640
44768
47131
50976
47891
45282
43651
42595
42013
43274
44030
43921
43617
40981
41436
37207
43417
39670
40919
37452
41275
44327
44928
44924
43569
43254
41965
43681
44623
46228
47303
46658
46836
51243
48329
50655
47907
48829
45981
49412
51874
49837
49829
51838
50821
52363
49051
48932
47207
52554
50703
50503
47824
46853
46209
45642
45623
43537
44519
43998
41917
42712
43186
45030
45342
42678
42150
42731
38992
41507
39887
37434
35694
38977
40252
37123
37817
37652
39596
41726
46537
45293
47796
44390
42831
42134
38700
38446
42234
38600
39796
38733
40461
41592
40177
40899
42656
43575
43760
43239
44751
49271
50100
48452
51768
46480
44835
45653
49543
48179
51525
50853
50509
46763
48162
46617
49280
51907
49300
52078
50234
50370
51510
56560
53586
58152
58950
52807
47641
48326
51498
48533
51911
45133
45636
47213
49814
45215
45650
44051
43037
47229
47083
48558
46906
48784
46755
45972
48074
48239
50063
50607
49396
51128
48526
47643
48856
52008
52139
51179
51054
52436
51667
48574
46550
44514
42922
44484
42484
42514
41507
42423
45031
44509
49547
51078
51809
51836
52404
48565
45479
43381
43827
42348
44525
43821
42574
40751
39773
41172
40472
39236
40086
41162
41725
42419
40961
45332
44098
46615
44037
37736
40591
47077
45510
45273
47050
45040
43992
41792
41433
44930
46836
40818
43918
45199
44735
45637
46704
44666
43299
46781
45407
46706
51091
49022
47041
47559
48483
46466
55148
49916
50238
51684
47859
52515
55188
53200
55912
56940
56137
52403
55066
55947
55511
59130
53977
56857
54071
57878
56627
55033
53380
55732
55960
53817
55621
57672
57355
55900
50998
48675
46812
47902
48012
52311
52337
49678
53645
52416
51447
51651
50709
49083
55163
50763
48807
49006
47036
47666
50118
53634
52795
52697
57260
51978
54078
53190
51236
53354
59566
56205
59008
53079
47011
53533
52549
52151
49941
47718
52963
46758
50340
50414
52291
53409
56418
54638
52660
51830
48589
53346
51380
51119
54235
